32	5	14
50	45	1
55	30	31
82	75	12
18	74	30
74	99	98
69	19	7
14	54	34
41	31	75
10	14	1
3	15	21
77	5	17
80	57	58
95	77	44
34	38	0
87	38	73
54	12	58
93	53	57
62	81	61
14	80	44
19	47	6
21	51	91
73	34	46
87	96	90
80	62	74
37	96	55
23	86	68
83	79	91
60	9	39
1	7	38
82	32	87
2	53	27
4	46	96
33	21	72
83	10	22
9	49	13
71	60	93
92	33	86
41	73	24
67	75	67
75	10	1
0	73	84
52	39	59
39	17	93
31	61	39
21	35	4
64	88	44
96	23	22
18	30	80
80	19	22
47	46	84
7	14	38
72	39	71
45	42	21
73	90	83
75	48	82
65	74	62
15	96	13
5	2	77
36	81	19
28	49	61
75	91	43
65	35	29
28	83	88
99	86	19
13	45	1
69	84	36
20	33	13
79	55	30
57	13	69
38	98	50
40	25	75
61	92	64
85	93	36
83	36	16
64	93	35
9	59	82
43	17	42
50	86	91
89	87	99
38	84	77
78	61	92
91	93	24
47	81	77
24	67	5
44	81	73
33	53	37
69	59	11
14	54	92
52	74	88
69	75	6
15	90	71
16	46	5
44	8	26
15	17	82
23	17	72
62	0	34
35	39	90
69	26	52
7	9	99
2	73	54
51	73	4
33	32	41
9	50	88
84	1	94
32	6	65
67	10	95
65	71	43
51	61	45
98	19	86
72	33	55
75	99	99
61	86	32
75	40	74
79	3	64
54	83	86
83	86	54
15	6	57
75	1	7
29	89	45
91	43	87
45	80	83
99	38	62
62	30	38
43	88	75
12	57	53
41	18	35
85	36	14
29	13	65
83	97	73
16	66	57
44	68	5
80	23	30
72	19	17
86	90	2
96	24	23
64	67	2
31	79	40
55	94	65
65	70	44
78	39	42
86	71	75
35	9	16
92	24	44
98	63	67
22	18	97
71	0	15
95	53	20
96	16	12
42	83	90
64	50	36
72	4	97
67	52	4
53	96	46
4	15	15
52	96	8
52	57	47
35	60	56
74	20	31
75	86	43
16	43	92
74	64	88
60	26	27
81	85	66
23	33	48
65	75	98
85	32	79
39	41	94
68	79	20
79	46	59
83	58	55
71	68	83
73	26	76
30	30	54
62	47	69
26	22	24
22	97	16
67	20	57
79	40	6
25	90	21
69	13	16
43	96	93
22	29	45
87	38	69
44	43	22
63	88	22
93	83	22
47	52	87
9	91	57
43	16	78
59	8	55
6	8	90
39	20	92
20	90	29
94	83	74
69	51	57
69	2	73
93	3	9
0	11	85
87	13	51
56	61	42
24	65	14
24	10	23
74	87	66
18	87	90
67	50	36
85	19	70
72	30	38
33	56	17
6	61	21
15	50	92
13	45	6
20	41	94
3	52	65
76	80	66
90	46	72
64	44	82
28	92	66
93	14	23
43	60	38
86	97	12
48	58	28
12	24	42
82	46	19
98	6	28
15	65	52
63	0	92
43	59	5
4	9	35
63	99	37
82	0	80
39	87	78
47	9	70
31	13	94
95	90	68
39	41	73
28	1	96
67	30	56
17	50	80
38	62	67
59	35	14
68	88	80
58	68	50
98	24	47
96	45	1
12	36	65
88	1	56
67	11	25
89	31	58
98	39	93
42	6	24
50	89	25
17	6	82
43	56	69
77	11	66
90	52	60
47	73	78
93	89	39
2	76	28
74	11	69
26	88	22
5	95	94
59	90	47
5	90	56
29	1	96
42	36	73
69	74	81
20	6	38
71	54	7
29	94	31
65	83	93
46	85	91
74	5	73
65	60	36
99	69	23
9	41	58
19	36	3
11	63	32
92	81	21
76	40	12
54	88	96
0	79	43
86	45	90
48	0	97
51	28	58
73	47	60
59	94	0
29	54	30
25	96	2
15	79	42
66	61	17
16	99	48
51	66	93
56	49	77
93	9	98
92	77	50
35	19	3
83	66	62
93	34	91
63	94	81
28	57	72
70	65	62
61	30	59
73	59	86
97	95	45
14	19	92
54	69	14
24	17	17
73	33	20
77	6	54
85	98	85
7	58	4
12	92	6
74	49	98
33	19	81
54	93	80
66	37	18
72	86	83
21	22	72
85	52	45
32	13	55
26	83	22
31	15	43
42	88	16
7	78	61
44	57	34
49	42	70
60	55	22
75	7	1
64	33	4
17	89	34
92	2	32
33	11	35
35	27	92
96	61	20
48	62	31
85	4	63
58	62	34
68	29	32
79	23	14
58	93	74
17	6	93
36	80	21
85	90	66
67	69	59
43	90	11
72	71	11
91	16	28
76	91	47
44	85	74
30	58	26
70	58	91
44	31	19
80	91	10
1	67	85
38	89	9
74	28	55
96	23	44
58	51	49
93	42	29
52	4	46
6	91	70
62	26	28
6	26	60
89	8	96
15	14	50
97	60	17
74	19	11
21	97	95
51	98	67
32	7	81
72	43	89
58	23	83
42	12	53
27	57	76
73	64	53
3	14	44
30	2	13
96	24	61
39	0	63
65	78	38
52	85	54
50	58	27
99	91	0
58	8	34
27	46	26
79	41	82
94	11	28
62	77	38
67	94	78
97	7	4
96	32	99
43	88	95
69	77	63
22	95	90
97	82	61
28	3	53
35	1	79
68	90	48
5	48	37
9	1	38
6	93	71
66	79	41
36	5	94
2	94	93
22	79	86
74	51	38
75	70	92
23	85	93
13	37	48
71	22	42
85	50	31
3	91	32
67	33	28
89	38	64
29	1	6
1	62	61
58	73	20
46	51	53
96	0	39
94	30	13
90	89	86
54	92	25
48	56	52
29	24	1
71	82	73
89	98	88
10	16	96
21	78	43
29	60	74
14	95	59
42	16	16
20	54	25
78	8	65
52	12	89
4	55	67
25	1	82
74	72	78
27	28	77
6	55	95
49	38	75
39	58	18
3	94	38
26	68	75
16	97	93
4	86	6
92	19	17
47	66	86
21	47	66
71	23	0
75	81	54
70	48	35
66	78	30
10	94	75
61	39	78
45	9	85
39	93	53
87	57	24
65	65	84
9	28	74
20	45	21
23	54	64
9	41	99
21	70	92
46	49	53
90	46	50
54	47	53
79	8	74
88	90	57
1	10	59
19	36	63
16	82	85
58	59	14
1	23	42
44	90	79
5	90	76
76	12	50
61	95	26
79	83	79
14	76	28
73	14	22
74	31	67
40	90	79
24	51	49
50	93	39
21	37	14
57	36	50
47	38	78
90	64	83
96	64	59
76	62	58
68	36	65
79	24	68
0	64	15
4	89	0
60	18	49
26	39	42
41	68	4
82	21	39
93	3	74
10	49	29
79	94	16
65	4	1
8	18	9
66	54	5
95	25	46
99	58	85
31	5	92
47	33	95
11	97	3
22	60	60
29	25	55
11	26	58
82	98	35
65	94	57
78	63	10
77	67	27
72	33	63
49	86	82
64	19	19
78	83	20
42	86	27
41	48	35
58	64	7
95	26	0
23	19	77
90	88	47
61	80	97
34	52	77
43	21	55
57	85	15
22	90	16
43	72	47
34	39	68
39	6	50
39	4	34
91	48	45
71	75	74
87	25	44
1	12	11
74	35	26
37	12	18
89	51	41
5	58	22
12	67	11
47	14	97
87	65	59
55	30	55
74	29	19
21	32	86
46	98	51
34	17	18
85	12	45
84	37	21
91	96	70
71	96	63
53	55	1
37	4	45
54	15	52
61	89	7
40	67	29
28	46	12
35	75	18
26	90	59
16	27	18
98	4	34
84	71	8
99	46	82
97	59	80
86	10	50
3	50	98
72	86	71
20	76	89
82	79	7
21	99	91
89	87	60
80	59	13
65	79	9
31	14	49
36	13	71
38	30	49
74	3	86
12	96	46
86	82	74
69	80	43
81	68	90
72	10	69
8	50	3
18	6	18
93	10	73
4	79	19
36	62	21
29	45	53
11	78	56
88	87	30
69	64	5
14	70	14
3	7	20
63	74	43
6	9	43
95	88	12
69	23	70
90	95	15
1	49	16
42	22	42
27	81	43
1	91	87
72	90	17
84	78	32
13	99	70
75	93	49
79	7	55
53	59	91
73	2	28
55	88	43
50	49	38
65	76	75
91	37	55
95	91	38
77	84	87
76	12	91
80	64	38
77	5	90
85	30	61
87	64	61
87	31	20
61	50	4
60	43	49
43	67	9
8	62	97
3	49	46
15	16	4
41	18	64
38	51	58
87	25	44
40	43	51
42	27	67
5	33	72
50	7	2
32	95	9
72	90	40
6	33	22
92	50	73
77	65	35
40	54	2
77	22	0
91	25	21
91	88	96
88	41	20
31	53	39
64	11	99
78	28	56
53	21	0
33	37	31
91	35	98
49	6	24
8	71	27
37	76	9
88	63	95
39	96	64
27	39	74
3	18	0
60	13	63
68	11	31
64	11	72
59	84	23
87	96	54
81	22	83
85	50	64
73	96	70
18	19	42
24	86	62
67	88	57
59	54	88
51	58	31
32	87	74
66	81	64
0	52	5
17	57	53
75	45	11
47	97	52
68	87	98
14	58	25
39	29	24
46	35	72
15	32	95
69	8	41
22	19	41
51	86	51
16	60	29
32	63	49
78	43	62
38	97	0
2	36	68
25	1	99
45	4	43
35	34	50
77	44	76
14	9	49
92	49	14
14	74	15
26	43	52
76	44	0
53	48	52
93	98	2
25	22	35
83	13	82
79	86	15
35	82	4
9	90	19
24	74	82
13	92	49
19	15	64
22	99	61
12	24	34
57	19	23
92	87	32
86	36	6
90	80	37
41	93	88
81	49	93
89	65	96
15	38	25
35	40	26
22	9	21
27	3	31
65	23	77
29	5	44
78	21	22
8	8	70
73	9	93
86	44	75
87	51	0
87	55	93
5	17	6
12	44	22
54	73	85
52	13	45
98	34	21
4	80	6
69	45	50
44	43	14
81	16	71
0	84	32
60	1	30
71	38	26
20	98	21
32	43	25
44	44	16
54	39	5
33	30	88
2	79	28
53	57	59
19	32	44
16	46	87
61	53	15
56	50	72
92	99	79
74	11	3
62	46	37
99	23	80
29	68	49
3	72	25
40	99	52
57	52	29
35	10	33
12	10	91
34	22	84
84	36	17
82	44	33
64	55	30
9	43	41
81	83	41
96	80	30
33	32	10
35	99	77
30	37	36
85	27	98
22	71	74
15	39	46
15	13	86
88	85	0
12	9	39
41	26	20
99	37	18
86	18	47
43	70	1
21	29	11
72	41	20
3	93	76
24	72	70
40	27	79
27	6	50
80	71	56
59	72	93
90	35	99
30	41	64
57	88	6
50	23	6
76	51	67
86	79	19
17	79	11
30	72	42
93	0	85
54	43	14
32	92	27
82	67	84
86	73	40
59	75	33
72	12	90
87	67	67
55	13	20
24	18	79
67	64	34
47	6	8
94	93	43
82	82	80
6	44	9
23	29	17
75	55	7
74	98	77
20	96	9
14	23	94
2	31	28
16	69	98
12	77	50
85	49	88
44	81	69
5	20	30
80	88	37
99	5	55
31	2	14
54	38	0
99	92	53
56	59	58
5	74	20
38	43	79
92	83	15
6	47	3
14	21	96
49	25	31
20	28	18
44	4	47
17	45	79
58	12	77
92	18	50
7	37	11
34	37	24
25	43	24
41	12	9
39	41	92
98	76	5
91	72	53
76	72	51
71	87	69
78	32	90
52	2	78
28	22	87
57	60	53
20	56	78
73	15	67
22	62	60
62	46	41
11	87	68
39	76	97
7	82	12
27	67	61
1	71	14
60	74	44
8	20	38
22	91	97
64	35	20
86	70	2
95	16	5
64	98	70
58	6	81
83	21	13
4	98	73
85	8	62
91	64	41
15	40	71
77	86	24
46	69	86
2	96	51
75	4	73
16	82	85
98	84	33
22	13	2
83	58	52
69	82	41
62	15	17
64	4	36
17	71	18
4	8	90
80	77	53
63	0	5
67	68	68
57	88	45
88	66	71
25	2	41
62	73	53
91	78	65
64	37	19
63	48	51
24	35	48
19	94	96
60	28	80
70	15	27
41	80	16
83	70	6
97	63	22
44	79	27
56	15	47
1	48	11
89	83	47
99	14	0
95	33	88
59	65	99
14	93	61
20	52	51
36	89	74
64	42	52
35	29	41
31	77	32
67	25	73
27	11	45
54	0	36
55	91	82
72	19	83
40	99	10
39	45	46
69	96	3
66	72	65
30	32	12
61	14	89
78	81	38
81	55	60
41	22	58
53	45	83
78	76	78
64	22	8
65	60	62
25	77	71
91	61	80
36	71	23
13	6	8
27	18	9
64	13	1
40	30	94
38	73	48
89	94	34
96	57	29
84	31	55
14	58	61
11	37	39
26	48	43
33	91	76
54	96	98
95	58	9
67	97	88
54	50	91
27	77	10
40	30	46
3	16	7
36	37	13
78	74	30
79	62	3
15	78	78
17	33	21
70	43	18
71	47	59
75	12	62
92	86	18
70	60	68
58	39	13
49	24	18
40	95	96
79	95	58
89	2	85
95	20	21
58	72	90
28	56	90
46	54	6
63	97	86
44	54	71
64	85	95
67	38	97
23	54	47
79	78	33
90	60	31
86	99	84
29	27	50
3	55	74
97	3	31
21	23	70
17	12	71
68	81	82
75	39	66
91	74	45
0	39	81
11	12	92
41	40	0
89	84	74
70	30	31
87	78	33
79	87	33
90	98	35
35	91	3
28	23	42
57	34	4
21	56	13
74	70	34
96	5	65
19	22	72
90	44	55
31	0	43
3	5	90
50	9	31
60	70	91
14	4	54
53	91	11
65	1	54
95	1	74
18	50	84
96	63	44
78	98	34
98	64	29
53	84	12
86	72	77
38	63	6
36	12	18
18	56	57
27	91	56
51	93	68
74	94	56
95	27	35
72	4	82
70	6	32
32	36	73
59	53	64
81	86	74
78	81	18
66	87	74
85	36	91
7	84	13
55	25	20
13	19	75
84	11	36
74	65	68
42	57	87
43	88	68
39	12	78
1	80	29
28	59	19
19	86	85
19	45	3
89	96	8
36	13	41
0	89	60
44	48	39
41	3	25
40	58	53
59	23	45
14	80	56
55	75	67
27	7	76
90	26	70
43	20	69
64	15	88
78	19	41
59	37	85
50	23	45
7	55	17
9	52	44
18	71	44
37	55	52
82	98	98
41	13	81
78	92	29
29	94	78
27	37	47
78	11	58
58	86	41
11	41	11
21	40	1
18	75	29
11	97	92
60	17	42
22	52	62
67	44	77
16	13	10
37	53	80
56	46	41
38	38	70
30	58	69
28	33	79
14	23	59
97	25	23
40	33	4
17	74	15
18	86	76
31	79	75
81	48	6
69	66	74
18	5	47
81	88	25
80	41	63
60	66	62
96	67	82
71	94	75
66	29	80
16	52	37
64	54	28
26	7	35
44	15	47
86	43	98
52	36	98
29	0	69
28	30	55
25	88	82
17	38	52
24	89	39
34	0	21
13	2	53
21	84	17
9	65	93
89	81	49
68	40	51
13	54	45
98	73	76
11	92	5
47	6	46
98	98	89
20	82	0
1	9	87
74	41	24
84	29	65
38	63	84
84	78	78
65	51	43
96	32	71
96	17	21
17	88	84
32	75	76
67	35	59
8	53	52
44	59	82
25	73	13
35	9	71
25	6	47
90	66	10
0	91	29
46	77	95
6	89	79
18	44	9
57	87	69
85	89	10
57	36	19
2	12	35
61	85	63
17	51	6
77	29	36
65	26	45
1	67	36
51	25	72
61	40	73
38	16	54
69	94	92
43	16	75
3	60	40
20	15	28
39	35	44
42	5	6
21	19	12
40	50	89
60	59	15
48	69	60
88	46	89
56	47	81
26	10	4
44	32	23
17	25	40
91	27	41
89	58	80
16	75	23
33	74	81
1	94	37
57	25	74
54	59	73
26	10	69
58	60	99
77	69	44
44	26	29
7	74	8
82	31	13
20	40	21
92	76	42
93	64	61
31	53	56
64	49	65
40	53	11
26	35	90
41	3	3
18	23	69
50	16	84
73	74	80
42	93	18
84	13	96
86	94	81
82	19	75
79	46	46
96	13	61
27	19	83
82	50	46
81	97	5
47	7	76
5	66	51
53	54	25
23	85	10
83	53	83
83	76	66
56	95	76
98	21	5
23	43	80
24	47	92
98	3	16
8	15	86
41	20	29
31	50	95
89	9	48
4	19	45
81	63	31
34	0	25
27	15	95
38	54	6
48	41	13
90	99	88
92	13	80
30	54	0
96	98	78
77	24	83
41	13	15
72	69	70
3	72	77
45	2	30
41	46	92
88	45	15
60	83	48
86	34	32
43	3	52
47	58	71
48	2	85
86	64	42
71	0	93
57	21	24
93	86	42
88	78	47
75	37	71
27	85	81
21	19	76
26	29	38
99	54	82
26	35	15
70	75	10
62	83	90
55	87	2
14	87	66
19	49	82
71	26	44
11	52	17
20	91	89
27	87	48
39	74	68
59	92	15
74	82	34
9	90	8
60	65	96
42	78	32
61	45	61
65	74	84
99	42	38
26	50	6
13	98	78
53	49	26
80	13	74
37	36	29
78	12	65
30	26	61
55	22	37
21	67	68
12	17	20
32	47	9
88	70	91
54	16	58
45	6	14
39	54	41
14	35	98
69	78	42
69	62	10
27	6	89
64	18	92
99	79	59
80	27	58
81	51	53
65	67	14
60	63	63
33	40	29
48	5	84
59	74	26
31	85	52
41	69	51
80	15	83
25	72	12
30	51	99
59	57	19
60	8	30
0	84	56
60	77	76
96	78	48
18	34	52
94	66	55
4	47	25
64	27	71
37	80	86
92	83	17
73	66	40
22	88	81
22	68	2
70	73	89
13	82	76
45	33	87
10	98	24
15	26	65
98	79	43
66	90	26
47	1	90
16	27	60
18	97	87
64	39	83
88	0	29
13	70	86
31	98	43
87	42	34
5	4	68
91	35	86
58	46	66
17	14	77
13	38	10
71	23	17
33	85	67
43	5	30
65	56	85
1	57	30
58	54	19
64	63	39
83	83	44
58	57	86
67	84	84
52	66	89
39	87	37
16	57	2
64	45	75
31	84	64
72	90	34
84	48	56
68	61	21
70	78	96
8	61	16
45	28	97
60	4	62
46	23	77
84	98	53
84	6	25
65	97	55
74	65	44
36	43	62
58	61	74
83	38	98
64	33	1
90	74	61
65	6	34
73	75	16
89	13	48
66	67	34
48	33	84
3	42	9
64	71	10
16	33	69
5	67	87
96	24	61
82	75	57
75	69	32
65	60	63
3	74	81
5	10	51
81	57	36
15	11	24
63	12	6
79	33	51
50	85	29
33	38	69
41	63	87
99	92	50
88	71	82
82	41	43
46	61	13
5	31	19
17	77	43
9	27	33
17	3	73
76	33	18
48	46	36
25	39	20
0	79	20
30	54	18
27	31	90
90	52	7
93	7	32
35	44	68
36	78	46
56	93	65
36	93	72
93	57	53
91	20	9
16	27	63
72	93	70
31	54	10
97	51	91
79	57	17
94	22	99
48	46	48
91	49	10
26	89	85
60	23	11
81	68	26
23	81	31
27	18	93
95	47	13
50	10	70
42	41	52
61	57	64
46	42	93
59	96	38
0	90	89
98	21	52
91	18	25
12	96	36
71	75	5
88	90	12
36	33	42
59	37	2
11	56	13
37	27	61
1	94	33
30	4	97
8	55	90
77	24	90
40	35	11
14	87	73
25	31	86
47	95	84
55	2	59
6	45	21
83	45	22
69	66	39
24	45	36
72	50	56
94	57	3
4	47	42
65	50	8
72	97	91
66	95	7
16	53	92
73	79	39
61	97	55
32	95	93
57	84	46
95	83	95
21	88	3
87	88	15
30	98	37
63	65	18
36	41	44
8	83	62
30	43	94
30	0	54
86	10	50
46	42	40
75	68	53
62	91	5
21	76	13
54	4	33
67	34	51
73	79	21
85	42	93
71	33	55
79	34	88
84	37	34
61	47	14
52	51	36
13	37	11
17	88	72
95	88	30
82	99	68
73	82	34
45	27	17
57	91	23
67	5	23
67	7	77
12	89	33
71	46	36
59	16	80
78	80	6
59	88	51
42	26	56
84	26	74
52	74	58
98	60	80
90	38	2
28	95	95
73	61	20
27	66	75
61	31	77
91	91	81
3	23	81
19	13	76
63	1	49
1	98	79
37	3	92
69	7	70
90	20	14
1	43	12
94	49	43
2	11	52
41	26	33
95	61	40
92	33	17
60	10	88
62	97	83
54	19	87
8	28	11
83	45	2
91	27	65
58	54	2
18	11	92
69	50	91
93	59	80
40	74	16
91	1	24
64	69	45
46	70	85
7	28	68
31	24	16
71	61	76
85	69	23
38	9	43
83	69	52
46	23	7
81	61	51
76	42	79
5	58	63
73	36	7
62	6	33
64	97	73
20	41	93
32	38	11
50	88	96
96	59	53
22	38	82
44	47	91
81	69	74
88	67	37
50	47	72
57	27	89
59	82	47
5	79	87
35	9	5
6	68	40
0	76	29
34	76	76
16	19	24
57	4	92
1	53	69
13	38	46
99	65	59
38	63	80
46	46	50
47	35	26
88	20	83
80	90	95
47	29	42
46	9	77
20	23	26
45	8	8
1	41	54
99	21	29
87	98	63
49	7	48
19	56	58
32	79	49
43	4	86
39	11	5
50	7	21
33	37	0
43	60	91
76	68	93
43	21	38
64	33	71
59	25	77
20	15	5
90	4	95
39	16	1
98	17	85
20	85	78
99	93	86
64	85	33
96	20	96
6	57	25
37	9	55
32	91	29
56	92	40
97	38	91
28	36	5
59	41	54
35	53	92
8	6	7
64	12	92
97	84	77
20	43	37
77	91	6
38	73	59
69	51	23
30	65	21
63	46	56
68	60	7
30	94	49
46	84	2
78	88	67
46	23	76
71	23	89
6	78	63
35	10	12
68	63	11
52	69	63
13	82	49
74	53	34
58	16	59
84	98	47
10	52	69
78	43	93
95	96	41
78	63	89
62	54	95
91	90	75
69	15	51
40	66	73
85	43	11
67	82	89
40	93	94
7	19	80
23	20	40
26	86	57
4	65	57
44	76	89
66	63	14
60	10	95
30	71	49
21	38	75
70	16	1
85	45	86
85	21	37
44	10	57
10	3	44
19	64	29
58	97	47
41	72	2
38	10	68
29	48	33
2	59	47
28	91	44
63	17	3
80	72	49
60	53	22
18	91	56
27	62	53
66	61	18
91	19	37
47	27	39
8	52	65
51	78	89
10	80	61
61	65	72
22	45	18
15	25	73
27	80	26
24	16	59
54	78	26
87	5	38
71	22	82
28	61	77
14	52	37
68	4	91
46	22	36
10	86	8
21	29	21
31	2	15
34	54	32
81	8	3
48	56	65
22	70	36
35	74	3
92	69	75
51	10	80
99	5	39
77	77	53
84	78	54
94	89	9
49	42	88
50	51	38
33	77	26
61	19	33
52	69	60
55	78	34
24	30	0
13	97	80
50	51	91
98	26	95
20	48	4
3	22	92
80	19	59
80	31	20
7	31	4
58	32	36
90	47	53
76	5	50
90	30	94
55	71	19
85	5	0
67	44	47
85	37	76
83	71	68
32	10	34
66	73	17
8	92	1
85	41	17
12	36	3
18	31	87
27	54	21
79	87	32
1	36	33
74	0	46
90	16	51
78	80	0
6	28	34
89	72	18
6	95	44
94	31	78
28	41	46
90	61	66
45	86	6
9	6	80
70	84	76
78	5	59
5	40	60
92	20	87
49	25	15
71	49	76
34	86	90
68	51	16
5	77	14
3	49	2
97	89	62
50	87	4
86	13	50
69	77	85
78	60	67
4	97	99
58	95	99
40	4	9
81	95	22
84	82	42
82	94	20
14	56	27
47	61	2
88	26	7
61	70	8
79	53	46
19	28	86
64	70	47
8	60	4
11	75	3
95	80	95
74	21	8
48	33	72
12	53	31
12	78	11
36	6	0
67	80	7
97	39	33
72	19	14
2	53	54
72	91	40
18	49	83
18	86	90
96	27	36
11	55	63
98	69	21
5	35	26
62	39	61
80	6	25
98	23	20
35	58	76
18	97	80
97	24	74
44	62	8
46	12	92
13	15	79
28	22	42
27	42	46
84	98	47
86	87	93
13	12	74
95	99	81
11	79	83
42	98	17
30	74	77
99	96	64
7	59	12
97	92	87
4	12	62
86	27	34
51	40	1
55	43	48
91	20	73
85	51	9
99	25	15
88	25	38
82	23	88
58	50	34
81	7	97
4	64	39
69	57	28
48	69	23
29	92	21
92	82	15
29	77	73
48	40	93
34	34	53
19	79	85
29	70	68
23	50	80
54	68	13
28	67	32
67	50	82
64	36	80
32	53	99
51	13	85
11	21	27
27	26	60
11	72	90
28	61	59
75	92	83
89	58	21
99	16	12
45	52	94
69	26	68
92	5	15
15	77	84
2	74	28
27	69	49
25	7	81
66	67	58
59	30	53
59	90	27
76	40	4
18	25	99
4	77	81
69	87	82
2	10	49
3	95	41
65	7	55
16	79	73
52	64	31
17	47	88
40	42	29
30	12	71
93	15	11
15	99	6
51	54	52
64	24	94
49	12	94
23	37	1
96	58	15
17	21	64
9	16	34
45	13	71
82	26	67
44	18	77
64	8	23
65	70	63
71	94	87
10	65	68
49	8	22
77	81	21
88	38	86
29	38	43
26	28	98
80	9	9
77	51	48
82	52	95
31	59	13
61	69	33
92	98	90
61	41	56
29	23	16
81	8	79
82	41	2
82	96	9
23	69	3
58	47	71
1	77	25
54	76	18
5	29	60
28	93	59
33	26	70
30	52	64
83	75	81
37	57	26
27	11	57
75	92	68
76	30	83
22	27	84
1	70	92
56	42	85
63	77	55
20	78	45
72	76	95
8	23	95
74	3	45
82	48	6
11	2	63
98	66	62
58	27	92
18	17	66
17	24	40
18	88	30
25	5	64
28	41	92
30	37	68
49	2	32
54	81	92
74	8	50
48	20	61
63	30	46
89	95	16
57	1	30
84	59	46
52	31	71
76	50	24
78	40	2
77	87	55
61	71	86
16	9	58
64	68	0
44	39	69
62	18	76
80	9	58
79	28	96
40	87	79
76	60	28
34	62	79
81	20	42
38	19	95
37	65	41
27	64	27
30	0	43
55	43	38
36	40	35
30	42	70
83	46	33
74	47	86
46	40	35
39	64	40
78	60	33
89	75	45
81	85	95
92	16	85
15	76	94
14	88	48
9	55	14
9	14	67
23	56	14
33	96	68
78	31	59
78	35	59
3	46	10
85	85	99
45	92	18
61	95	41
77	26	55
4	33	58
84	55	0
41	54	99
8	81	7
1	15	13
62	66	1
13	6	80
26	8	95
96	54	31
95	19	89
86	19	19
44	24	83
91	73	69
56	99	57
41	25	64
50	30	9
46	38	3
81	51	46
84	8	98
37	70	92
36	48	51
62	5	98
37	65	18
39	53	66
2	52	17
96	14	20
56	10	99
98	95	22
68	36	6
21	17	35
42	9	68
56	89	8
54	22	20
1	48	87
65	78	85
48	54	34
7	68	60
36	17	49
20	10	57
53	16	32
78	10	23
19	71	70
69	6	44
73	18	61
97	81	90
47	36	29
41	83	27
19	14	85
47	49	73
51	52	7
97	81	57
63	33	28
14	69	20
6	80	24
88	65	89
70	41	1
23	66	63
30	18	48
17	64	13
6	16	57
20	93	21
52	83	66
57	86	34
63	17	32
57	66	63
7	19	49
18	29	27
42	80	75
9	27	35
16	10	41
76	64	46
12	13	62
45	56	86
18	9	91
81	28	75
29	41	8
84	98	68
59	53	59
18	29	48
28	10	97
48	92	21
77	38	77
34	18	17
86	17	58
41	38	27
92	61	52
12	13	45
88	89	87
73	1	3
88	15	22
92	14	66
99	10	31
3	33	16
35	22	78
98	11	51
51	44	30
23	8	31
36	39	47
80	22	68
59	50	68
59	2	41
50	68	47
78	73	79
49	70	70
63	27	71
29	64	97
68	91	73
65	5	4
6	28	82
14	33	70
67	23	53
18	92	95
19	93	53
71	62	89
80	48	83
4	5	60
37	31	15
74	32	71
58	77	63
45	3	25
42	10	38
38	58	61
48	19	19
50	13	72
45	55	95
56	70	26
59	14	35
75	60	47
24	94	97
57	48	59
23	24	3
7	67	28
17	23	58
85	81	46
9	31	39
50	21	28
92	14	21
55	96	23
30	26	68
23	75	46
6	34	45
12	29	45
4	62	62
20	55	65
78	9	95
7	2	18
39	11	28
4	21	45
65	64	76
81	67	67
36	23	82
48	97	7
47	91	81
47	32	25
90	9	46
18	61	87
62	37	81
31	11	40
14	88	22
42	30	41
70	91	56
33	62	23
84	5	82
88	77	16
16	19	63
20	99	60
23	4	70
0	96	55
75	55	48
31	75	46
4	43	77
1	80	87
60	87	40
50	80	48
27	30	76
68	37	2
35	95	0
85	30	80
71	85	85
5	61	77
64	26	19
5	79	62
8	33	94
12	32	4
65	76	61
23	38	81
65	27	32
46	50	64
24	75	73
97	47	1
92	98	55
96	71	48
65	83	92
10	91	67
31	63	49
4	49	62
7	75	77
47	59	83
26	75	66
95	11	65
9	62	21
35	84	26
86	95	60
75	39	94
28	56	48
29	30	18
87	45	16
68	43	94
63	95	67
99	81	28
76	79	40
25	92	57
72	49	51
52	91	19
7	81	5
84	91	17
97	75	35
35	38	73
62	54	73
97	30	85
45	90	19
50	33	16
53	84	12
58	33	22
85	40	10
6	18	95
94	41	49
85	70	7
88	4	64
9	47	89
33	62	68
32	45	54
35	42	60
2	67	71
82	49	28
30	71	51
80	73	99
70	24	40
32	95	56
56	26	69
59	37	37
5	86	99
89	26	67
91	80	93
64	88	50
43	28	24
38	94	30
27	57	33
38	72	20
27	90	30
65	75	21
94	68	68
14	78	90
90	79	35
96	35	98
31	29	36
53	46	87
92	41	82
2	65	48
0	76	73
87	33	3
10	10	10
86	84	72
86	91	60
24	62	63
21	70	90
62	52	63
52	95	80
38	32	97
12	50	73
96	54	80
5	10	64
32	24	4
48	34	85
79	65	17
19	95	90
65	88	92
9	66	40
97	85	47
64	76	48
49	96	56
95	87	12
84	22	80
84	83	14
50	22	47
74	57	9
52	3	80
44	97	83
56	24	6
57	26	70
36	35	87
54	9	44
89	63	7
41	16	35
52	33	70
63	93	82
79	85	59
58	47	98
81	55	34
90	96	66
8	97	74
54	58	50
50	82	36
39	12	95
89	72	47
45	63	32
77	9	45
72	62	63
23	37	85
49	28	31
95	51	57
4	18	29
0	81	25
0	53	61
82	70	10
49	47	88
65	46	87
75	92	74
46	81	13
66	82	54
24	96	35
48	26	16
46	53	33
63	77	85
57	58	10
13	78	76
45	60	10
63	56	53
44	29	35
38	60	61
5	52	87
75	39	75
28	48	40
37	13	3
86	16	34
78	64	19
23	63	26
40	92	91
74	75	20
19	55	81
94	68	51
7	45	25
97	85	39
40	84	41
18	68	65
88	98	35
91	78	39
17	21	35
18	20	34
72	94	39
31	30	26
19	68	41
13	94	0
28	40	57
53	48	31
94	24	50
26	6	75
67	91	10
71	31	53
99	85	66
96	81	12
34	40	23
50	39	63
51	8	75
22	86	42
87	24	39
3	69	34
40	4	4
7	5	89
58	46	86
20	88	6
27	54	19
27	75	3
58	19	75
55	27	30
28	77	84
15	14	48
38	62	67
44	48	98
41	99	37
16	65	85
24	50	79
0	5	32
63	51	87
62	77	89
90	94	64
65	51	80
69	98	5
61	56	15
40	25	80
39	52	12
54	6	98
97	96	22
8	9	24
98	11	91
58	5	6
82	9	88
42	33	81
3	77	99
95	64	52
86	26	1
35	83	73
94	49	22
25	19	37
75	93	62
55	3	65
36	18	64
62	22	33
83	12	56
19	37	94
67	70	10
86	74	52
30	98	63
99	86	78
2	22	13
9	51	28
16	25	98
68	52	44
42	84	25
8	97	1
61	36	86
78	98	73
57	89	60
49	46	25
74	24	40
87	72	78
23	16	86
87	7	38
11	3	35
1	27	41
86	17	20
26	32	77
79	88	53
89	83	50
1	9	91
44	78	3
39	63	63
56	31	32
92	38	53
51	12	22
39	75	74
37	44	58
83	22	10
5	8	81
80	82	64
78	62	32
3	19	31
17	25	88
30	48	27
2	25	60
63	4	76
72	31	30
75	69	80
14	51	93
76	56	84
80	79	3
86	92	6
0	12	31
73	40	78
22	90	59
10	27	54
89	68	13
95	96	64
75	40	35
52	29	13
88	30	42
53	78	15
21	46	20
79	23	9
33	8	99
18	0	32
34	43	86
42	0	12
53	86	4
1	99	10
88	87	61
28	36	6
73	20	53
86	44	27
47	38	10
11	56	82
98	67	21
79	67	22
90	70	29
18	63	63
60	2	42
52	48	45
96	30	65
56	64	37
67	7	56
48	81	56
27	7	12
83	31	89
93	79	14
74	57	53
87	36	94
98	82	79
29	46	99
77	88	44
25	4	89
37	15	62
66	30	39
3	91	14
1	64	3
86	83	45
15	8	62
44	18	13
46	99	49
86	63	31
91	83	41
43	66	96
47	83	63
4	99	4
94	73	30
36	81	0
52	9	37
36	31	13
90	76	19
93	83	25
94	60	69
95	84	25
75	88	17
84	62	5
99	40	25
4	65	50
92	74	54
16	8	28
24	32	8
53	17	89
37	48	33
6	13	19
33	92	92
72	44	74
0	8	13
20	89	93
32	87	95
46	97	31
33	43	77
58	73	89
9	41	95
90	16	2
86	22	27
18	31	76
90	49	56
38	78	40
18	75	6
69	11	46
39	46	74
59	13	62
3	71	11
73	84	53
73	24	58
71	53	20
52	63	65
50	53	23
75	71	14
49	92	9
44	52	38
52	14	32
41	92	54
52	12	18
61	62	25
87	65	86
15	86	28
27	53	75
50	5	8
40	47	81
10	56	55
72	93	50
0	56	32
4	65	84
40	21	4
46	78	96
14	14	74
3	9	12
68	36	53
64	48	45
54	89	93
99	73	29
9	93	93
68	6	46
70	52	17
18	35	12
94	89	72
78	89	25
32	26	34
69	90	31
12	65	90
79	74	68
77	39	37
54	92	25
32	40	6
20	32	32
2	6	87
90	27	31
47	0	91
74	78	11
37	83	31
74	77	54
56	52	82
54	57	79
59	88	2
80	60	74
84	14	72
10	9	56
71	78	45
74	31	57
32	17	85
22	24	87
35	44	72
26	17	10
74	78	78
3	53	84
51	99	77
88	78	44
8	49	7
13	11	96
64	29	12
73	90	29
37	56	72
74	36	97
15	12	47
89	1	66
97	17	80
83	30	81
4	25	43
70	46	0
66	92	1
35	39	82
82	91	83
74	77	61
98	54	90
65	94	66
93	31	89
12	33	34
62	1	7
12	32	76
64	16	72
37	4	53
34	81	64
82	18	91
12	89	14
7	70	6
56	54	8
62	3	24
35	35	39
23	14	38
96	0	7
90	18	76
46	77	42
25	83	57
41	31	10
98	70	30
83	49	19
33	15	52
74	3	65
20	94	85
96	7	92
94	50	16
69	85	45
19	21	45
88	49	47
10	87	35
61	61	35
9	64	57
29	17	92
70	47	57
2	93	90
88	46	55
55	95	63
83	33	11
66	74	5
8	68	76
90	95	83
94	97	84
8	49	94
24	42	83
81	85	40
94	66	71
52	98	60
45	5	80
63	19	71
34	93	89
36	71	52
72	67	37
55	17	72
5	48	29
54	55	51
63	68	43
30	50	85
13	74	74
64	48	8
46	48	48
45	20	84
82	87	26
61	3	22
49	35	13
96	53	73
44	1	24
31	46	29
86	39	91
34	19	9
67	67	50
39	56	30
8	16	45
72	42	96
77	84	37
29	9	45
28	90	85
44	56	76
33	52	70
45	32	25
55	60	48
53	14	1
52	25	74
97	55	28
43	62	71
60	9	90
22	5	48
31	72	43
14	5	24
47	56	90
53	67	83
31	17	13
81	95	12
45	69	94
79	89	62
47	5	44
92	19	1
90	7	97
83	83	45
18	4	31
43	47	32
1	89	41
68	96	43
20	68	47
54	82	92
20	95	66
41	3	35
34	63	44
21	80	73
95	94	13
49	67	68
13	53	23
40	71	37
15	48	56
28	15	3
85	70	33
75	93	83
4	74	90
57	77	71
57	88	33
99	23	30
94	38	0
37	6	63
78	8	39
67	53	56
16	24	89
55	35	20
46	36	70
10	38	67
96	90	84
55	21	65
11	17	84
21	88	61
58	68	89
92	83	24
15	52	65
3	66	83
27	82	73
6	57	82
24	74	49
55	21	74
0	55	98
28	88	27
54	87	20
45	64	61
70	31	76
91	56	18
41	81	71
24	14	14
83	42	59
0	7	32
4	51	82
40	98	59
87	79	78
50	45	56
36	0	25
70	99	65
19	95	38
89	13	57
22	85	77
37	54	32
36	22	56
35	66	68
98	60	72
53	94	37
71	86	65
47	18	52
44	24	57
18	35	42
91	48	44
75	28	88
68	52	44
28	46	82
66	59	82
78	75	17
9	97	58
70	47	85
35	39	5
44	20	51
72	6	50
92	49	26
89	43	18
75	1	70
16	98	17
89	15	46
65	40	57
94	57	28
49	99	28
84	7	92
95	6	12
59	84	65
75	99	73
26	29	53
4	6	90
3	21	2
29	18	13
62	77	46
47	90	53
75	73	39
45	44	30
37	32	56
13	57	44
2	14	50
69	23	11
78	11	35
19	49	67
98	19	65
13	19	71
15	37	7
5	31	31
65	31	35
17	44	70
50	32	47
24	6	5
55	94	34
11	76	73
74	86	22
34	53	65
28	70	84
66	12	4
33	82	91
22	27	15
33	17	91
82	54	65
18	53	0
35	25	33
76	2	40
65	35	8
50	4	20
49	24	97
84	3	41
89	27	5
19	17	59
68	99	25
25	68	92
1	9	20
48	15	66
52	35	42
30	87	20
50	75	39
95	29	70
25	41	16
52	52	50
57	20	18
87	23	8
14	71	92
8	17	57
99	95	64
99	1	38
62	11	35
16	11	84
95	99	1
58	33	88
6	36	90
11	63	1
22	69	79
54	99	26
80	87	41
27	82	99
17	1	6
56	34	0
92	99	42
26	91	79
60	35	89
78	22	22
64	90	25
78	93	85
94	30	36
57	9	40
81	10	16
65	20	92
73	74	64
60	16	83
82	90	87
31	55	82
61	96	1
50	72	11
10	55	52
10	68	28
27	97	72
71	60	70
96	85	49
28	90	74
5	55	89
82	20	8
77	32	61
87	68	59
85	74	65
24	24	62
98	55	39
59	17	98
44	19	5
95	94	6
6	84	8
38	31	12
78	82	75
43	43	87
32	40	30
60	11	55
6	13	65
33	43	51
34	62	50
96	20	84
98	77	61
94	31	52
6	61	55
13	88	33
43	25	70
5	58	13
0	28	45
44	33	66
37	17	66
2	77	22
6	63	1
19	40	65
88	9	30
61	60	78
86	99	32
13	42	94
73	53	31
84	2	88
65	63	74
20	37	71
61	16	17
20	31	24
15	69	45
84	20	87
29	51	58
41	5	8
86	75	94
57	23	39
23	80	87
83	21	14
62	96	87
47	98	40
19	9	46
94	83	65
45	98	76
5	88	21
93	67	32
72	31	5
86	25	75
72	58	45
50	5	49
79	75	79
5	53	67
22	44	80
95	19	96
92	76	50
22	79	36
86	23	46
37	78	19
50	25	0
65	42	25
55	66	60
32	42	61
21	45	36
1	85	83
94	0	6
75	38	97
31	88	17
62	42	68
71	35	98
6	35	65
95	56	6
93	91	11
77	47	85
12	73	20
75	32	1
91	1	0
47	44	34
65	19	89
94	81	97
8	60	87
14	82	18
83	1	65
57	9	19
42	74	34
14	98	86
2	9	36
69	64	3
35	96	66
50	83	39
71	98	26
1	20	1
56	99	71
95	59	26
79	17	24
21	11	95
59	67	83
32	71	48
42	15	18
96	98	29
95	19	88
94	93	27
58	74	66
99	45	0
40	94	8
25	29	39
30	20	13
54	51	18
6	97	65
56	33	95
74	99	1
49	9	7
20	41	76
28	7	70
54	75	77
26	74	16
95	19	9
37	90	52
45	94	58
91	6	86
43	67	63
10	50	26
23	95	49
57	52	22
24	40	81
39	89	17
88	87	63
27	47	8
84	80	87
3	18	89
15	64	47
91	72	50
12	89	94
62	11	10
85	56	98
62	39	85
79	49	16
92	69	72
58	73	47
92	60	64
8	34	21
15	25	87
5	0	90
49	69	60
25	9	86
48	39	97
30	49	75
69	39	27
83	48	48
68	52	77
0	48	16
89	45	61
29	83	34
46	72	24
8	38	53
44	93	86
48	26	90
56	60	17
68	25	8
36	84	41
11	34	6
83	63	0
51	83	10
59	19	92
48	67	29
11	95	3
41	45	92
74	18	74
16	16	42
6	28	5
31	73	96
40	41	78
32	98	59
99	68	33
13	28	30
54	86	28
70	67	8
34	53	44
61	33	42
45	32	45
45	81	56
41	43	80
15	86	3
23	71	25
45	0	72
49	56	51
65	8	18
90	44	87
28	92	17
32	7	29
13	65	87
8	49	4
99	18	26
72	81	93
71	63	40
59	66	67
61	22	91
84	39	10
49	40	72
90	62	67
33	35	42
77	7	56
54	98	16
31	35	13
73	56	83
48	79	46
64	12	52
39	18	31
65	47	5
19	66	38
44	60	85
73	77	32
75	97	92
72	32	36
15	64	74
90	39	6
8	84	96
30	68	19
69	13	41
98	2	72
82	7	91
17	42	49
99	93	26
76	92	38
82	58	57
42	55	5
58	24	95
20	94	20
25	16	27
64	32	60
87	64	94
28	10	94
86	23	15
9	30	96
31	58	33
39	66	52
57	99	27
47	4	31
70	62	73
82	39	89
48	54	27
36	86	92
85	30	2
37	54	80
94	7	21
28	63	22
83	90	86
93	2	35
92	10	42
24	81	45
35	55	64
62	84	87
77	18	77
31	19	23
65	85	72
45	48	53
64	42	78
69	32	98
9	26	20
81	13	38
92	30	39
50	40	22
15	78	38
84	89	94
13	4	49
37	79	6
37	45	4
15	4	46
3	13	36
62	70	13
88	9	49
80	95	31
57	79	80
33	15	84
49	9	16
52	30	15
65	75	87
13	24	94
96	19	25
25	98	55
45	45	86
43	51	15
64	99	97
39	93	86
26	15	42
30	4	93
37	63	62
33	33	8
39	6	31
73	35	35
48	83	41
70	79	18
92	85	16
96	39	35
85	36	29
59	45	33
38	53	59
69	89	77
31	97	52
89	99	38
67	28	84
78	93	50
43	99	11
92	13	8
43	83	26
93	19	7
48	14	67
29	75	60
97	28	76
74	50	22
90	11	88
51	48	83
84	24	60
15	1	50
27	81	40
73	65	54
50	16	61
95	83	76
20	80	4
65	11	25
44	4	37
7	85	28
41	94	8
4	23	41
38	63	72
43	11	97
46	44	18
77	86	84
45	23	56
33	69	90
38	80	15
68	52	4
79	41	79
94	94	99
30	15	21
62	54	59
33	56	32
57	31	10
13	30	16
28	67	48
62	19	75
70	33	56
46	89	37
51	59	72
56	38	96
78	33	39
29	91	31
40	95	99
93	51	48
18	64	71
97	72	39
57	13	22
99	94	3
25	30	15
49	10	21
94	67	94
12	47	11
0	87	12
17	54	62
24	48	93
94	23	1
26	21	40
29	59	81
0	6	45
66	39	63
6	15	46
8	14	84
74	69	32
49	27	99
3	18	83
78	9	58
35	96	27
14	85	40
39	61	46
45	30	7
77	36	12
57	99	40
21	52	22
71	35	38
63	15	68
0	7	78
34	83	31
29	54	90
78	73	31
45	13	1
34	90	58
84	11	82
94	46	3
65	44	33
39	14	73
38	56	26
34	46	27
98	39	92
19	76	19
23	90	16
6	98	59
68	64	23
81	10	85
31	67	98
61	42	80
43	21	36
45	35	52
69	21	10
34	17	38
83	59	91
18	67	37
50	46	59
37	41	84
20	90	39
67	20	38
14	68	21
95	87	53
97	17	29
11	86	38
87	68	2
88	47	16
83	40	19
38	32	17
53	38	94
49	24	35
33	57	58
40	70	25
34	8	42
16	83	97
80	7	3
70	13	29
20	45	15
7	97	84
41	56	48
37	29	49
64	74	19
68	82	10
4	44	13
69	34	89
20	70	12
97	26	78
76	73	77
23	40	23
15	86	3
87	78	13
27	84	99
69	20	53
30	15	19
9	2	81
64	81	97
83	21	89
16	6	85
82	61	61
7	44	66
89	80	28
10	38	31
12	52	6
50	17	74
9	80	15
80	59	33
48	10	74
16	84	90
80	30	55
30	10	52
47	56	78
32	73	97
19	10	38
75	43	57
4	22	37
7	24	15
98	56	89
40	37	21
60	54	54
59	50	52
77	13	45
68	31	52
6	68	76
54	6	77
85	93	12
43	52	92
15	84	60
92	75	66
50	60	45
11	3	0
29	91	88
73	60	75
43	37	89
86	79	89
44	30	77
95	75	19
63	46	77
84	68	49
80	99	78
50	60	13
54	67	0
30	25	63
75	15	62
65	34	22
87	57	58
37	43	80
34	83	17
37	92	17
39	11	27
71	82	54
61	85	25
46	93	42
83	47	47
92	23	63
2	31	13
72	36	17
8	27	80
64	15	85
18	93	25
61	9	65
60	72	40
11	46	55
85	43	89
40	48	30
6	48	51
42	21	85
32	74	11
67	24	87
84	63	7
10	91	96
54	69	53
62	21	21
22	60	90
79	48	59
59	0	23
54	18	94
94	56	28
93	35	23
2	86	87
99	90	71
25	18	4
22	57	28
6	85	44
54	58	67
4	58	45
19	95	45
86	59	42
17	9	96
4	1	72
70	86	8
14	77	0
58	41	18
86	95	32
46	76	39
0	98	66
52	98	59
74	41	64
10	3	42
79	78	40
55	5	57
81	64	91
15	37	51
69	82	42
22	68	40
31	46	99
31	50	46
37	43	17
97	32	35
32	88	67
35	34	98
87	53	92
48	66	88
15	3	67
73	1	21
21	89	86
74	61	23
98	41	37
45	38	95
68	37	41
16	52	38
66	14	70
90	11	44
0	82	87
42	30	57
63	38	61
24	67	43
70	89	76
17	68	48
70	92	58
58	34	55
61	13	30
77	55	72
58	99	99
53	54	60
13	51	36
89	33	63
79	98	91
98	8	82
75	98	29
17	64	57
10	11	33
41	20	65
1	62	46
37	93	94
7	52	82
93	70	27
19	95	1
11	2	61
15	5	23
40	25	18
65	27	17
68	77	46
45	73	26
72	24	21
38	25	20
24	27	68
61	33	84
38	77	62
49	95	41
36	38	59
13	6	68
91	39	83
44	22	49
67	35	57
7	73	32
72	12	20
76	74	85
41	4	43
23	20	89
98	9	11
14	30	80
92	17	72
78	93	38
65	55	9
9	4	50
10	54	87
24	41	65
61	45	8
79	21	65
10	50	72
16	87	30
47	88	83
96	30	34
73	0	72
9	15	44
27	91	17
55	90	40
44	77	74
73	36	25
9	60	19
55	70	13
22	15	62
94	46	9
96	5	93
16	48	12
79	7	6
96	51	99
85	38	27
40	37	5
73	76	1
50	51	0
87	78	24
83	46	67
48	47	95
10	71	6
19	91	41
68	48	6
21	85	96
48	27	19
99	55	6
9	98	61
46	77	94
88	74	32
41	73	50
38	58	3
15	69	41
78	62	19
35	45	36
35	14	99
60	35	1
73	96	65
45	35	94
49	15	9
89	30	92
28	21	12
4	70	30
61	80	52
75	16	15
69	90	65
13	93	53
26	34	27
77	66	29
96	81	5
76	19	88
2	21	92
51	27	10
63	79	40
16	61	46
37	70	11
39	27	99
71	49	93
29	81	29
89	47	15
65	96	42
97	66	41
7	76	99
48	8	19
14	72	0
55	95	18
59	13	55
61	66	16
87	64	69
47	15	48
38	59	10
23	27	77
46	3	21
66	58	28
63	65	90
69	34	56
97	77	11
60	74	56
14	80	64
9	20	42
42	63	83
92	4	23
52	10	45
50	8	4
33	32	47
37	43	18
54	1	83
87	8	88
99	47	99
18	6	59
7	53	28
68	44	61
78	87	9
3	31	37
51	53	49
63	32	71
24	70	34
71	19	24
22	54	47
74	26	41
24	77	54
64	66	48
92	66	41
19	0	91
14	73	63
31	85	15
76	0	27
4	34	8
90	52	5
93	2	38
82	67	88
71	34	92
41	21	92
3	58	46
1	1	66
5	10	96
55	73	93
32	14	4
17	69	75
39	27	82
83	9	54
44	82	95
7	88	13
21	13	80
35	50	81
47	86	27
24	97	46
41	52	37
63	76	6
51	34	52
16	41	42
81	62	14
88	70	24
74	24	70
7	74	46
3	60	72
97	95	51
41	29	56
2	97	92
7	4	5
6	9	61
14	31	57
99	8	4
99	51	69
40	6	79
79	64	36
44	64	96
94	28	47
32	33	93
56	2	5
29	55	56
0	93	32
2	12	5
47	65	21
5	20	74
71	75	93
6	59	78
79	73	54
61	15	23
17	49	0
99	32	76
80	60	67
21	80	86
12	57	85
56	30	90
54	3	28
13	14	87
72	19	41
55	20	24
57	15	58
67	93	62
95	71	62
3	52	5
91	88	68
55	29	15
75	40	33
53	75	59
93	34	88
15	70	25
44	89	34
3	60	54
59	81	53
93	56	30
3	31	60
90	2	3
35	86	58
62	18	86
19	37	67
63	7	82
99	63	56
37	88	77
23	57	18
50	55	25
12	29	54
3	62	2
58	44	59
6	31	11
93	55	52
14	1	71
69	94	59
71	73	16
24	69	59
84	16	73
2	95	88
1	5	26
68	77	0
34	18	81
35	8	5
6	98	62
4	26	20
87	76	84
14	39	48
87	60	72
44	74	70
7	80	41
3	69	82
4	48	56
18	84	70
84	66	36
47	57	67
98	34	50
49	33	68
36	95	48
33	3	80
41	73	77
57	20	4
4	87	99
2	27	13
54	31	95
24	70	50
64	38	59
95	87	24
51	61	42
60	2	25
68	87	37
40	64	6
51	72	14
83	29	21
80	53	36
53	79	39
87	85	40
64	97	29
68	42	46
82	34	36
4	83	13
8	16	18
79	55	9
81	17	12
83	11	20
92	68	96
9	35	48
76	49	16
47	9	89
9	12	41
35	41	66
1	84	41
16	58	66
60	8	6
55	0	19
96	31	92
41	44	37
68	77	72
43	35	3
99	28	34
63	9	93
72	87	82
61	15	79
90	14	6
75	40	61
10	56	63
47	79	27
99	27	93
76	26	31
41	10	86
89	57	82
89	31	90
49	89	93
69	11	18
83	94	15
9	92	17
73	75	28
16	5	79
91	36	14
16	28	27
13	62	40
41	63	56
99	4	60
35	45	79
78	81	91
35	22	62
23	89	9
68	19	12
72	84	76
3	69	60
79	38	0
5	75	40
64	47	60
67	36	64
62	45	67
83	93	41
6	11	95
54	26	13
46	75	29
9	27	44
97	81	41
32	16	42
74	1	68
55	13	41
80	31	6
25	76	40
94	37	27
10	2	48
53	36	42
62	45	72
89	60	86
83	97	4
48	21	6
47	3	19
34	75	71
25	34	38
48	97	13
48	52	14
30	45	88
50	65	72
91	57	85
94	34	98
89	77	51
60	92	71
23	42	40
65	0	10
48	87	89
49	57	50
37	20	29
48	8	49
89	94	0
93	41	44
82	2	53
58	48	79
79	89	24
54	96	99
45	81	30
64	38	14
24	26	37
80	99	79
70	78	82
4	28	67
57	88	43
77	57	35
4	48	55
29	38	57
45	96	81
20	53	36
62	51	30
57	45	9
28	9	91
39	71	76
95	53	45
11	98	39
45	46	69
99	92	55
35	69	7
34	19	25
96	90	54
7	79	0
81	60	4
8	63	18
86	16	58
73	51	60
82	93	34
65	87	46
1	47	5
93	2	41
33	18	70
48	8	29
31	27	43
21	5	78
15	37	40
99	87	0
38	50	91
18	50	59
54	53	21
37	3	69
33	92	82
56	62	38
95	82	2
21	40	63
79	95	1
33	51	54
62	26	36
47	81	15
90	64	74
82	96	23
8	6	84
83	37	87
60	22	97
15	98	68
97	36	47
12	56	52
21	50	81
37	71	20
89	28	66
29	34	36
23	74	26
17	27	4
80	23	81
64	44	21
10	6	64
64	79	18
48	30	13
63	66	96
0	40	84
85	70	27
50	37	70
51	33	46
64	75	16
73	34	67
50	90	77
93	94	16
40	28	70
65	0	56
41	80	43
32	15	9
26	39	63
65	53	21
47	37	64
3	18	97
69	83	87
48	16	36
43	31	97
11	96	12
95	84	23
83	46	26
69	85	5
95	61	74
56	69	16
70	61	0
79	50	31
80	89	90
99	60	10
30	68	92
61	78	15
82	70	7
27	31	11
86	81	67
91	14	16
55	41	55
16	23	17
43	28	76
40	62	20
87	47	82
8	51	56
21	81	18
74	94	82
22	81	37
83	84	64
90	64	74
60	54	46
22	78	51
67	75	60
27	48	81
23	58	72
16	41	78
58	31	35
89	62	46
22	63	41
70	88	71
21	43	77
85	45	71
59	91	84
80	10	43
80	43	25
50	75	1
5	81	7
3	9	70
30	51	6
43	28	40
63	24	70
65	78	0
58	9	9
65	32	45
30	87	30
70	88	30
95	34	89
55	97	6
57	70	67
45	10	80
46	80	76
96	61	53
79	78	20
89	69	32
92	91	40
73	1	55
64	24	90
52	25	7
49	82	28
30	4	53
80	92	94
50	65	47
35	96	55
5	32	39
5	60	5
63	47	35
37	69	83
8	80	89
0	31	84
14	6	14
19	47	50
51	68	5
76	94	31
64	88	48
77	2	71
28	16	41
72	66	39
26	87	8
33	28	68
83	15	34
74	56	67
39	0	34
36	24	74
3	28	76
85	44	36
2	10	47
98	64	82
19	6	85
1	31	46
13	7	85
35	27	59
71	56	73
56	17	41
68	51	16
88	55	21
97	12	85
42	1	96
40	21	82
63	84	53
69	95	69
89	47	93
19	95	31
89	13	83
61	87	98
15	36	75
59	10	46
65	26	1
91	94	2
98	52	66
14	74	24
70	39	18
14	68	89
34	78	44
51	13	49
81	72	81
7	47	84
44	89	18
9	41	85
95	27	90
2	0	16
18	63	25
48	96	50
11	72	60
48	20	69
62	10	66
45	5	75
89	33	87
24	38	97
26	14	71
55	11	27
20	3	22
67	30	18
18	75	99
76	0	93
4	52	86
98	43	4
21	0	23
57	20	43
54	92	52
39	53	60
55	2	44
57	73	79
17	17	95
54	88	76
63	68	97
59	9	25
63	9	26
24	27	58
21	17	40
84	27	26
20	62	66
58	37	79
2	4	63
20	79	55
75	55	97
34	67	26
86	78	19
38	1	77
86	85	26
91	50	89
19	5	33
87	18	16
0	55	27
11	50	30
44	53	65
44	61	13
76	43	34
82	4	85
20	35	5
65	7	89
51	8	29
69	75	5
79	43	86
95	84	45
40	63	92
70	46	39
25	14	67
53	32	2
89	13	97
4	20	74
38	58	28
49	6	68
26	7	42
23	62	83
31	27	99
8	92	27
68	11	66
92	5	17
24	28	73
74	66	24
69	3	21
71	23	25
13	47	88
55	17	34
85	28	97
61	7	19
30	40	13
12	67	52
6	66	72
43	26	21
36	68	47
94	38	26
4	93	91
29	36	62
25	27	64
84	65	78
38	1	92
30	86	6
61	12	4
86	16	65
58	88	46
38	28	24
61	17	55
25	73	66
96	95	64
77	6	58
20	11	74
63	95	21
33	50	41
89	89	81
32	38	64
46	71	9
91	75	97
19	92	9
21	44	17
93	54	56
37	78	32
46	78	35
73	54	16
99	92	18
59	59	83
23	17	26
58	29	53
43	39	15
15	52	2
44	39	25
31	94	37
13	55	8
11	69	20
21	24	1
77	19	70
2	84	98
84	93	95
94	61	22
26	88	0
40	31	70
53	96	93
54	8	35
61	55	64
79	90	35
8	42	32
79	87	62
44	98	70
98	21	3
85	98	12
72	76	92
3	90	85
68	42	30
95	36	59
22	22	12
81	0	91
47	44	57
14	0	25
66	65	91
46	44	51
59	97	56
30	8	94
73	6	95
19	96	48
0	8	3
52	15	84
5	8	73
69	60	16
57	80	3
99	59	69
9	24	37
25	39	35
28	49	26
72	37	8
22	1	80
51	57	49
27	0	10
8	4	27
51	78	5
48	79	19
18	47	48
31	70	91
8	10	63
32	77	10
8	13	31
5	37	25
27	86	84
8	31	89
84	85	54
56	36	19
83	98	30
98	95	94
22	65	61
34	35	62
34	53	71
60	34	85
22	31	8
60	85	18
48	76	51
70	43	36
22	50	24
13	36	46
77	79	44
86	19	87
68	2	57
31	89	5
30	8	36
81	5	10
35	76	24
76	9	62
66	78	56
52	57	57
35	92	78
85	41	6
24	1	86
5	63	42
3	53	87
28	15	2
83	31	9
88	37	20
32	77	48
27	34	0
3	91	22
28	82	33
68	22	76
95	97	36
54	13	55
41	83	79
31	81	39
40	61	61
19	11	77
91	87	71
75	45	78
5	62	43
31	15	8
38	45	8
23	73	14
12	43	64
48	1	98
97	30	17
84	61	29
54	62	18
6	2	1
96	78	2
91	45	52
12	65	69
70	34	21
23	35	50
61	60	58
80	87	88
93	58	89
94	66	13
46	27	59
26	82	16
44	44	42
91	46	64
94	73	54
18	41	16
59	76	86
62	17	55
62	20	63
34	14	34
50	52	50
53	69	12
57	8	42
45	36	24
94	97	4
29	4	45
23	88	79
53	46	54
89	8	38
53	26	73
0	28	69
89	30	88
66	71	20
89	43	27
16	32	28
83	54	78
13	7	73
7	8	71
73	15	58
47	90	10
69	48	47
7	47	5
62	94	37
75	60	39
55	18	2
83	62	78
73	89	37
45	87	72
69	36	79
50	58	37
30	72	57
38	48	53
61	66	18
22	68	18
61	8	52
73	7	4
48	5	96
3	61	60
37	30	96
70	45	29
23	66	99
54	64	14
77	50	95
40	78	5
78	71	21
17	14	22
13	16	58
41	50	68
25	27	15
51	48	1
52	41	35
66	32	44
28	53	1
31	81	23
7	40	24
91	73	61
35	41	61
50	88	10
99	47	80
89	1	82
11	59	75
48	83	11
88	99	91
97	19	48
81	22	48
21	69	66
37	91	85
28	13	91
9	11	75
38	50	21
51	33	70
85	98	55
34	24	49
22	76	94
65	38	57
62	85	46
54	84	21
60	17	15
98	8	74
76	72	51
71	4	57
66	27	10
26	52	77
48	41	60
48	25	24
29	19	3
72	7	79
2	11	44
73	65	83
69	11	55
15	94	70
29	62	76
88	93	75
50	9	38
40	25	98
21	69	94
82	12	66
79	13	35
25	7	76
13	10	33
60	24	39
52	5	92
41	97	20
31	44	37
79	96	0
70	44	75
87	12	80
39	59	92
68	3	14
51	58	17
77	95	62
81	66	87
52	69	51
39	29	85
44	92	41
99	23	69
93	18	88
79	83	9
87	76	52
62	42	63
34	31	83
17	84	37
48	30	66
37	67	71
73	75	20
45	37	66
49	1	19
74	42	86
14	76	9
31	78	2
98	34	24
9	33	84
77	43	22
12	86	99
15	74	84
27	44	80
20	99	61
47	97	40
39	77	21
20	5	49
21	52	35
41	76	81
82	78	92
12	15	1
75	25	58
15	86	96
49	32	36
74	19	10
33	9	20
59	98	9
56	18	49
1	1	51
59	78	76
16	57	49
47	97	3
80	47	23
89	47	76
64	56	75
92	79	30
95	99	77
9	22	86
91	96	8
0	56	54
36	6	72
49	42	23
3	54	46
46	80	3
77	95	12
35	60	77
29	74	80
25	2	32
94	67	50
49	14	96
41	21	35
16	38	99
33	57	85
48	83	71
56	94	9
29	5	51
27	24	3
4	24	68
56	9	36
84	16	36
59	66	51
42	29	79
46	47	98
73	98	52
80	12	16
25	52	19
62	56	72
49	26	57
12	21	18
18	56	7
20	93	59
81	7	66
60	5	62
27	41	29
40	39	71
21	84	19
26	95	5
57	68	51
87	49	61
14	26	79
66	21	66
93	83	6
92	90	57
99	88	23
44	92	5
53	26	28
42	64	13
61	59	2
56	72	59
69	26	36
87	40	41
76	58	80
24	27	10
6	61	44
22	85	11
14	14	16
95	79	23
48	73	21
48	38	52
65	29	63
62	52	84
14	87	35
41	47	91
19	2	15
99	98	59
68	24	25
91	28	92
44	6	14
56	0	26
83	14	87
87	30	77
3	61	54
28	9	42
96	91	24
13	79	44
75	90	67
88	10	98
69	80	69
71	89	95
72	77	63
33	37	87
41	77	73
8	21	77
98	16	32
36	34	76
63	57	58
26	91	23
36	58	76
94	51	48
10	37	33
36	77	61
49	52	44
15	31	18
42	67	65
36	81	79
12	28	94
35	6	71
72	87	67
19	38	72
36	80	13
6	64	4
43	93	93
24	99	85
78	54	53
19	98	55
97	30	64
74	50	8
92	62	17
93	28	94
6	61	3
43	79	9
26	46	27
4	27	5
30	48	50
54	78	11
38	75	5
16	10	1
86	7	14
67	96	76
37	37	20
93	54	1
47	89	41
14	14	91
10	18	91
0	24	1
0	4	89
46	55	78
54	75	21
85	36	80
73	31	88
60	65	75
77	17	8
87	81	79
33	61	10
0	79	90
53	44	33
61	27	42
35	13	68
99	77	17
76	79	93
75	36	20
55	35	66
88	14	10
51	57	42
88	92	38
20	16	57
89	8	15
56	18	59
29	63	47
99	56	37
15	49	62
37	63	12
13	21	16
39	21	97
57	29	36
89	33	41
60	73	1
95	71	48
14	26	97
38	89	96
49	24	88
16	97	15
60	52	93
75	30	37
40	10	72
77	46	23
26	19	42
97	57	25
69	47	16
25	14	69
33	64	15
17	52	92
38	79	86
92	3	95
27	70	26
30	23	93
13	33	78
53	22	73
54	13	40
59	45	56
22	23	62
96	18	16
29	59	32
53	78	56
0	74	80
46	75	78
8	51	49
14	74	75
75	22	14
82	74	24
92	76	45
36	43	2
52	26	42
26	84	76
20	38	95
53	75	89
84	31	39
25	1	65
81	89	10
82	13	9
53	45	76
38	19	67
57	53	14
8	40	69
40	50	18
44	86	85
97	72	76
6	59	86
95	9	7
30	58	0
30	98	6
92	23	11
53	24	43
5	25	7
62	36	33
59	15	96
35	50	21
97	3	33
18	62	45
80	82	10
19	0	10
53	26	62
37	10	28
87	58	12
25	2	79
99	44	33
28	89	57
30	93	37
74	54	45
56	63	73
33	34	70
11	6	55
17	48	42
66	92	66
90	15	87
69	79	55
84	99	9
79	3	76
41	93	50
13	34	58
50	12	25
72	29	31
9	43	10
63	14	83
71	70	41
46	4	30
93	54	65
78	5	9
27	35	24
93	44	34
64	73	39
84	2	31
42	99	62
24	4	10
86	27	61
87	49	88
89	92	3
36	64	41
98	42	35
43	31	65
43	48	51
68	99	91
8	15	67
52	7	16
90	94	20
41	9	75
74	80	73
9	13	73
24	93	26
11	31	22
14	51	48
34	84	66
48	15	17
53	44	12
85	96	27
7	59	70
81	90	57
53	16	20
5	39	47
97	18	94
38	58	3
3	91	23
4	19	22
69	58	81
16	3	77
35	47	42
36	22	91
39	26	28
29	80	59
2	35	98
68	73	9
11	86	97
52	7	4
14	87	80
22	9	43
30	44	10
13	24	47
60	50	91
45	10	56
90	85	7
84	4	77
53	5	12
4	60	76
28	95	22
34	59	82
79	89	9
24	81	70
82	59	22
62	2	12
5	65	17
34	46	31
59	66	22
50	14	37
43	65	41
5	21	71
66	10	11
37	12	86
34	27	1
4	58	70
89	32	42
9	74	13
38	52	49
69	18	0
60	1	40
91	10	57
74	27	67
8	90	49
32	93	11
43	64	10
39	57	1
46	14	10
13	96	25
52	65	51
85	82	48
64	8	40
96	80	26
6	68	74
23	54	44
43	38	16
27	49	85
17	70	33
92	54	84
71	95	85
48	24	34
74	97	7
70	20	16
17	10	49
11	36	78
10	19	82
41	76	77
95	66	54
49	1	98
75	36	58
58	48	13
16	64	72
18	95	63
74	12	75
77	96	41
85	86	10
5	39	83
4	28	91
93	61	21
83	16	82
11	30	31
23	93	82
31	21	68
86	61	67
86	67	64
94	99	78
24	23	48
40	57	48
30	83	70
91	18	3
92	60	24
1	70	96
62	74	39
71	27	74
72	84	74
92	38	55
31	9	77
92	80	82
85	17	88
66	3	52
4	83	30
2	98	52
64	46	7
35	24	48
47	6	23
99	60	46
66	1	71
90	6	25
95	94	1
10	27	88
2	99	26
76	36	99
22	95	81
77	21	21
3	96	27
41	27	39
40	81	42
94	18	25
39	28	64
9	1	59
45	88	23
72	37	38
84	53	93
71	58	44
44	27	78
72	51	39
76	27	5
60	46	6
51	17	53
80	84	55
97	74	49
43	7	6
75	8	77
95	84	68
65	40	19
57	74	47
3	16	85
1	54	73
33	24	2
72	36	38
20	3	5
51	91	66
53	63	15
12	87	16
9	38	73
13	66	75
34	33	29
59	53	22
32	24	25
59	70	28
78	25	32
47	27	34
28	26	66
5	38	88
15	30	49
42	35	62
85	18	52
43	76	95
26	8	99
39	75	37
70	58	74
96	53	66
66	79	24
15	62	44
72	0	54
39	51	96
25	88	67
47	19	41
57	72	14
41	24	71
53	23	27
99	43	46
19	7	82
31	41	29
54	82	8
99	80	73
55	58	77
22	36	99
6	90	6
71	95	38
7	26	41
59	71	86
43	14	43
19	12	60
30	59	46
87	16	88
19	13	6
41	93	98
86	65	83
58	59	85
89	54	79
76	8	43
54	74	0
81	33	0
29	53	54
88	78	25
93	93	8
78	35	78
99	54	60
21	93	27
3	83	85
76	79	47
50	86	79
17	85	91
94	83	53
30	51	26
78	56	86
34	1	84
45	66	17
10	95	46
65	18	82
72	77	80
70	59	11
24	75	78
65	70	93
75	58	95
28	81	79
22	13	94
87	22	90
80	78	8
52	42	19
50	17	94
89	13	28
71	69	23
94	14	47
66	77	84
64	61	91
63	36	49
26	13	6
26	39	84
68	53	16
80	86	54
20	77	11
92	30	91
30	57	77
94	81	60
21	27	57
62	73	28
43	12	3
42	79	41
80	94	18
72	56	81
65	87	4
54	29	37
4	95	72
32	8	57
88	28	97
25	58	61
2	0	72
97	8	37
42	37	14
48	49	19
47	87	3
32	31	11
65	16	62
53	84	51
34	75	3
56	68	71
6	71	91
80	78	39
38	54	66
3	63	50
92	62	7
17	71	95
66	38	62
11	94	61
4	91	88
83	67	22
31	70	15
15	21	25
23	96	26
48	42	3
5	59	72
68	70	20
63	11	19
72	2	1
12	68	70
83	70	27
10	10	46
71	81	20
17	61	14
29	65	85
68	76	22
5	33	61
93	58	37
24	40	76
38	74	18
46	97	83
96	2	26
52	69	13
28	64	88
93	70	43
42	23	91
45	75	70
7	50	99
89	8	48
25	17	82
9	4	89
30	21	37
95	54	27
53	18	64
83	26	85
55	81	12
50	25	8
21	68	34
74	72	64
93	70	26
48	53	40
35	12	45
45	61	20
38	23	69
41	66	15
38	6	73
43	86	91
38	78	85
82	3	16
31	26	67
30	2	36
87	44	37
96	5	97
91	22	20
40	78	63
98	39	93
25	75	41
84	78	12
29	22	69
74	48	93
36	17	13
42	10	67
82	2	55
62	13	73
60	65	70
1	31	21
67	46	28
75	21	28
23	0	41
51	43	12
38	33	89
47	21	27
46	49	31
31	56	82
68	99	73
73	69	65
74	92	53
22	47	25
49	54	20
25	57	89
47	23	99
25	73	49
20	47	4
7	12	89
58	60	77
48	4	83
81	3	97
12	55	73
93	0	55
2	65	57
28	64	80
29	61	76
48	69	87
75	66	87
19	82	92
74	47	89
75	7	35
2	36	53
91	27	38
88	72	80
56	93	8
23	4	72
33	14	19
26	81	16
52	56	34
5	47	16
79	3	97
91	71	81
46	19	36
26	60	38
42	4	9
69	57	84
92	44	3
36	82	19
7	82	72
60	87	2
59	24	73
33	71	39
79	21	69
19	91	59
7	33	88
55	9	50
61	73	93
47	32	85
78	34	34
40	73	67
88	42	83
95	39	95
16	45	52
95	64	47
73	7	38
27	22	4
2	67	43
36	49	50
86	96	11
46	8	21
9	55	94
86	47	80
22	84	29
57	72	24
91	8	49
14	57	74
16	59	89
26	45	35
33	22	25
99	60	5
15	61	68
29	74	27
41	76	89
61	85	89
89	66	30
32	30	44
64	82	36
8	88	8
60	92	99
8	65	95
40	12	11
76	31	64
75	99	67
36	81	65
51	60	28
89	18	25
64	84	18
79	97	87
8	78	61
96	94	63
59	69	50
29	71	19
10	72	69
27	22	64
1	45	5
98	65	84
61	38	35
7	63	29
69	69	66
6	93	5
72	55	25
27	40	82
52	42	38
63	88	75
49	16	0
11	10	85
15	96	71
30	1	62
5	14	37
85	32	18
94	76	35
49	12	78
42	84	34
22	90	16
28	67	4
49	80	33
15	39	51
12	50	64
84	47	45
62	5	8
87	83	90
11	82	68
83	43	11
93	15	35
78	83	64
22	64	0
26	90	30
81	45	67
98	73	54
37	17	17
35	95	11
23	79	32
92	47	58
85	73	93
90	50	33
67	68	14
80	19	89
30	71	88
33	9	75
49	24	25
75	32	2
60	46	65
91	56	29
60	99	19
17	47	5
31	95	21
1	34	47
76	72	99
35	31	57
65	5	56
42	10	60
76	87	90
35	57	37
45	45	89
21	23	83
8	3	10
21	12	55
82	62	9
88	97	8
62	25	82
14	82	30
16	58	29
92	71	15
37	65	36
99	55	54
77	11	0
45	97	57
42	29	85
67	44	63
57	2	95
19	69	61
97	65	21
19	88	40
41	73	52
16	68	81
53	98	6
43	82	45
13	45	9
25	21	81
97	81	22
98	93	92
71	35	24
96	4	61
59	87	67
50	91	67
68	42	44
98	76	63
72	85	24
33	42	4
16	99	64
47	22	84
22	82	77
24	34	58
38	19	29
24	76	62
69	20	7
34	15	69
12	85	68
86	50	57
76	10	85
40	15	71
96	9	86
13	26	38
79	23	94
99	4	99
83	18	86
91	7	61
0	32	77
77	33	96
94	30	89
10	22	99
86	70	15
80	84	2
26	82	38
68	91	51
9	21	23
7	67	70
34	43	0
55	78	22
89	84	41
90	55	35
95	38	99
77	39	1
92	24	17
80	41	85
90	90	91
54	89	2
52	15	87
50	36	83
63	39	27
89	41	51
45	31	55
41	98	54
90	63	15
1	50	9
39	79	94
72	76	30
26	65	28
28	34	84
5	4	63
6	18	79
39	84	15
40	80	41
16	22	37
54	82	64
65	28	78
40	54	82
40	79	55
65	65	0
22	52	84
69	31	40
1	30	73
80	46	69
89	94	61
6	56	91
96	89	1
19	42	77
0	8	20
10	52	61
60	89	31
71	90	49
85	38	19
89	60	66
77	41	87
76	79	98
21	65	8
18	48	18
67	63	16
17	82	5
91	52	31
71	14	29
0	87	17
18	27	48
67	27	46
28	64	96
40	56	35
3	40	52
13	7	99
26	77	71
21	29	71
27	12	83
12	94	48
73	27	71
55	52	15
72	57	9
29	75	2
10	54	97
33	87	96
41	63	79
39	5	39
27	59	30
22	72	31
66	50	50
55	11	47
4	82	27
15	24	20
96	20	5
98	22	55
39	3	79
2	46	9
24	45	48
8	90	91
39	57	14
18	53	73
32	76	81
72	78	11
8	7	79
32	27	26
63	1	37
48	38	51
76	84	87
79	32	89
64	26	50
5	3	26
24	7	73
10	70	82
21	45	59
93	76	22
44	23	29
11	60	45
35	21	36
83	1	1
50	51	33
90	7	90
32	18	48
21	31	15
97	87	27
65	6	68
74	82	29
42	90	42
57	78	37
55	35	40
40	39	13
46	62	8
64	69	13
59	24	91
69	8	24
56	68	35
56	42	85
70	96	72
77	43	93
49	18	68
8	7	31
53	17	62
82	25	56
2	86	22
58	23	96
30	17	85
33	19	97
68	16	87
60	30	52
43	52	82
0	2	15
64	32	72
96	63	37
79	83	85
19	84	23
63	17	70
74	99	63
93	58	35
57	78	75
20	44	85
44	13	16
78	48	55
97	85	99
69	13	28
70	95	19
14	65	5
58	75	5
13	15	63
45	66	76
99	75	7
30	11	17
29	94	62
28	5	64
94	1	47
72	50	17
73	37	33
56	7	12
50	81	3
85	36	53
79	70	4
53	55	76
96	78	22
75	89	91
53	30	9
69	0	95
40	38	99
17	57	21
90	28	3
41	95	34
25	80	4
35	89	25
43	58	73
23	71	76
74	69	41
88	58	94
0	54	26
1	64	95
1	2	26
19	26	23
49	41	92
6	27	34
34	4	35
15	96	24
99	59	8
86	1	79
46	39	29
53	91	35
9	64	5
47	84	43
30	8	30
18	58	93
89	4	20
33	57	3
84	78	44
93	56	53
49	69	72
3	11	69
40	86	55
60	91	74
40	57	23
29	59	20
80	31	25
68	33	68
83	19	75
45	41	49
27	20	81
86	76	99
47	10	7
70	24	43
56	42	72
32	59	57
60	22	13
66	97	41
4	16	28
28	68	4
47	93	59
35	5	33
47	80	8
19	20	55
37	8	73
25	69	74
37	11	24
64	64	21
80	12	28
94	11	47
83	22	23
38	31	11
82	57	81
22	3	98
89	21	2
75	71	20
95	62	41
20	99	73
65	27	61
64	67	22
47	97	2
45	42	68
71	89	82
17	12	32
97	3	44
17	6	74
95	8	96
63	98	65
43	93	13
29	10	58
24	81	39
86	21	21
68	98	28
5	13	37
94	28	34
1	77	57
83	27	53
2	77	93
34	66	97
28	58	47
55	71	51
25	88	38
6	42	75
68	55	23
82	28	62
64	51	99
43	67	4
97	92	29
52	82	91
8	66	99
39	91	66
16	83	69
17	56	38
38	74	8
86	30	35
56	54	1
57	79	95
69	11	89
30	61	17
92	96	41
28	20	71
39	46	93
82	0	45
44	21	54
31	62	21
40	18	88
53	58	82
24	76	50
31	58	90
61	66	14
94	79	78
74	38	42
1	59	59
10	45	68
1	81	55
31	30	93
42	38	40
44	87	65
33	42	97
72	99	32
63	53	11
48	83	63
54	6	72
87	87	86
33	65	70
71	48	21
97	51	80
3	91	16
83	59	32
86	26	48
71	0	58
59	49	32
78	2	47
25	49	11
22	44	32
25	70	80
83	25	44
20	38	60
31	34	78
58	81	16
9	39	90
0	43	55
50	30	22
70	39	56
35	21	73
74	49	82
55	16	43
43	50	94
18	62	19
2	42	26
53	27	94
71	8	60
7	94	36
23	79	98
2	69	5
12	44	79
8	29	93
86	92	85
24	92	21
54	14	53
95	9	57
78	83	66
2	83	37
63	26	19
61	65	72
24	18	57
29	16	98
79	31	68
49	52	6
27	12	92
92	62	59
56	22	80
67	23	8
93	3	67
84	20	57
37	50	95
50	70	70
61	31	96
76	34	2
90	77	71
5	1	55
24	39	12
86	65	16
9	22	1
22	56	39
85	33	51
2	19	32
30	20	47
37	50	95
37	36	37
85	15	86
63	75	84
50	19	74
47	19	50
2	93	82
94	94	55
11	84	20
55	24	97
33	29	92
65	52	88
93	39	64
52	95	25
50	42	38
62	79	11
91	73	98
30	18	47
63	99	97
20	80	86
95	59	75
55	83	11
55	17	40
84	80	36
69	26	30
13	58	80
18	26	64
9	32	75
10	34	3
13	19	52
68	50	70
65	7	90
75	47	65
18	98	74
98	36	17
95	85	88
42	14	50
29	49	60
8	71	94
93	73	98
10	9	18
27	36	36
88	38	30
11	47	34
75	80	75
32	78	64
61	77	68
14	64	59
64	66	88
64	9	38
63	29	91
42	77	29
13	73	5
94	73	32
18	44	92
23	48	64
59	96	50
82	54	9
79	53	57
75	26	30
87	21	8
59	18	38
92	62	13
27	28	36
58	11	29
14	82	84
77	75	6
57	11	26
90	57	41
39	68	61
37	95	15
75	52	5
29	97	28
77	46	5
68	7	46
16	45	2
87	14	80
43	53	47
27	36	90
11	68	4
26	10	64
98	39	11
63	73	85
69	56	72
28	14	15
41	59	91
76	92	83
94	56	18
59	51	58
23	6	9
44	67	45
83	22	17
70	73	78
60	56	14
52	9	39
12	70	73
69	48	37
57	12	1
10	24	26
28	93	90
65	39	81
60	48	67
45	70	95
23	25	26
47	82	4
70	40	61
99	81	2
80	79	42
39	58	71
46	75	77
14	45	50
55	62	87
71	72	4
43	94	64
75	29	5
40	82	54
53	74	34
14	22	63
5	4	86
13	85	6
93	20	48
95	28	97
73	4	22
97	45	96
66	71	50
89	69	29
39	94	67
91	77	59
89	84	70
30	86	32
94	12	64
63	14	24
16	64	83
41	75	26
36	54	2
40	89	86
37	0	14
71	98	51
16	63	59
54	43	51
22	27	28
22	10	54
6	73	65
34	1	13
45	1	10
38	65	27
52	46	22
90	85	33
51	12	38
60	77	3
33	59	48
72	42	93
80	44	82
93	41	16
61	24	78
16	29	90
27	81	36
17	60	69
39	19	2
72	33	92
99	32	63
3	57	63
31	70	8
46	68	60
11	36	59
68	90	52
18	12	95
9	71	74
23	44	45
34	65	13
85	3	89
61	78	86
47	9	34
87	86	31
3	48	60
30	76	3
99	11	16
20	10	92
21	8	93
24	7	62
6	18	88
27	10	19
73	6	46
21	84	17
15	84	47
80	98	44
64	21	85
60	4	8
12	69	82
19	80	45
4	16	35
93	23	44
29	68	16
1	19	52
72	98	51
84	34	11
95	79	72
78	82	89
93	78	73
97	75	80
3	99	51
11	90	66
96	3	12
21	98	37
94	79	75
47	54	32
75	82	64
84	11	50
79	46	46
89	4	35
19	51	56
5	39	48
4	96	40
37	78	59
57	83	21
49	70	68
40	56	31
87	32	43
75	23	29
72	98	68
53	83	74
29	78	84
50	28	86
62	11	1
22	89	16
2	40	44
4	98	8
6	68	12
96	80	70
44	99	94
6	43	1
10	56	74
78	40	66
14	5	78
41	81	9
80	91	14
2	10	96
31	52	71
42	14	80
64	2	16
53	49	5
28	39	52
94	52	28
18	25	45
66	57	58
44	29	91
19	45	50
8	90	0
78	10	75
45	99	24
29	37	9
63	31	0
97	57	19
70	2	44
45	97	14
32	9	73
47	36	83
51	54	37
86	68	16
61	34	26
42	7	34
1	2	64
72	72	5
73	2	86
90	88	48
0	61	69
91	61	91
13	27	39
34	41	30
8	64	60
92	57	82
84	96	43
72	94	67
19	76	74
40	70	20
67	5	23
40	70	17
87	82	18
93	99	59
94	33	54
90	68	75
19	18	15
30	2	53
23	7	96
46	95	0
43	50	73
77	60	83
46	54	47
60	33	11
45	66	96
53	71	12
97	73	93
89	42	4
78	78	44
6	16	93
11	10	46
15	23	87
22	64	70
0	40	67
8	38	85
35	5	48
16	25	57
65	82	93
27	88	31
28	80	44
24	74	51
1	55	63
3	4	42
38	55	61
78	54	47
76	69	14
29	20	5
21	41	58
54	54	19
13	41	81
34	3	2
49	92	35
4	75	23
92	62	92
79	70	40
85	20	22
50	41	98
36	33	62
38	46	13
54	82	56
12	27	94
42	66	21
97	33	59
41	0	36
36	40	51
36	45	14
12	81	99
99	87	60
55	64	47
9	41	88
66	60	31
25	45	81
14	88	53
97	12	84
69	9	69
96	7	65
60	41	10
77	46	87
30	14	42
76	33	71
18	74	1
16	63	95
76	79	75
99	85	2
85	58	40
63	54	34
81	79	82
90	98	89
21	17	19
8	78	28
9	43	25
85	87	73
85	4	77
26	71	30
9	51	83
76	46	68
59	59	87
70	29	74
80	75	95
2	94	58
13	60	17
65	79	55
81	60	62
99	28	55
9	46	97
14	45	69
90	20	36
97	7	50
45	76	29
91	6	13
64	51	43
43	86	83
8	65	49
15	41	90
23	32	25
34	85	80
15	13	8
33	82	2
52	43	5
59	65	29
70	54	57
16	9	28
68	40	76
32	56	65
71	54	62
8	19	66
31	35	44
67	76	56
52	67	8
47	62	63
17	53	51
51	66	4
17	55	23
71	3	46
71	96	88
57	58	87
22	95	95
0	35	90
89	88	86
88	62	1
80	17	61
93	87	96
18	63	37
66	7	33
65	77	77
86	10	32
54	98	44
49	50	48
39	62	22
91	53	12
86	10	6
51	18	18
19	86	35
27	63	93
44	59	44
83	24	38
61	29	73
91	39	92
62	25	78
95	94	12
74	38	70
39	36	45
48	21	6
54	40	78
86	74	86
10	8	62
12	32	4
36	48	49
70	93	24
84	65	91
4	17	45
63	97	45
60	25	97
72	22	59
89	2	89
8	92	97
75	23	14
67	19	90
18	97	46
62	88	26
83	8	6
47	98	98
1	46	41
68	33	66
53	96	95
65	57	4
94	91	67
34	41	2
89	81	75
64	3	85
20	10	62
62	56	19
64	96	61
32	28	10
45	27	78
85	51	31
20	34	48
37	76	51
72	23	15
46	2	85
96	19	28
68	72	30
22	98	27
48	41	22
94	44	8
60	87	42
66	23	42
78	54	19
76	86	36
72	77	44
37	91	98
98	71	90
88	41	21
52	58	0
87	87	72
99	66	27
99	38	28
14	64	57
82	3	98
66	80	24
50	44	36
21	74	83
53	96	79
24	57	7
98	28	43
17	44	14
54	90	3
75	45	8
99	47	17
31	2	8
51	32	36
32	61	52
39	29	84
59	54	39
53	74	44
27	94	54
52	91	43
48	6	15
59	74	18
14	50	85
77	31	24
32	96	29
22	35	53
83	40	5
10	72	7
26	97	48
5	29	83
8	90	16
40	13	86
54	32	18
32	58	53
44	20	75
43	71	36
4	57	97
5	15	84
69	25	8
45	93	43
58	18	86
36	44	94
68	48	74
85	10	1
10	67	56
22	38	44
32	4	68
76	26	93
47	82	12
42	50	2
0	52	54
63	11	40
59	23	64
61	24	98
40	58	39
33	58	57
49	94	88
92	62	19
23	77	13
85	37	10
15	41	47
91	62	96
37	95	28
83	8	39
45	1	37
11	48	19
81	7	29
50	46	63
52	43	28
89	40	37
9	6	14
12	91	73
85	83	45
98	32	32
89	68	59
86	59	2
93	26	18
6	71	72
5	3	55
56	77	81
56	43	70
91	8	35
14	84	52
13	72	14
25	69	93
65	81	57
91	61	60
49	10	97
42	64	40
14	26	92
41	30	95
16	18	96
25	66	70
80	65	95
79	25	27
60	0	54
78	86	41
25	5	49
52	61	23
67	79	93
8	6	46
94	3	11
88	32	30
99	84	80
66	67	31
33	9	22
77	21	31
79	16	78
60	89	18
17	20	54
90	85	4
47	72	95
94	64	66
94	55	80
2	28	79
40	58	21
22	53	8
28	46	79
3	82	93
52	34	95
64	49	71
53	47	53
54	2	57
68	93	97
4	30	48
86	63	15
74	18	21
11	52	30
92	2	91
13	79	0
82	19	92
85	3	98
33	56	19
56	51	46
43	88	10
89	48	42
19	94	20
86	48	43
56	92	34
6	20	75
49	71	19
72	6	99
97	44	41
71	13	22
90	94	54
89	27	99
93	42	14
64	9	92
68	43	89
30	40	92
12	33	2
24	79	10
28	26	9
45	18	28
64	91	6
19	60	36
84	42	5
75	56	7
73	70	74
57	97	78
1	96	43
56	74	98
31	7	86
11	32	87
96	68	47
44	36	50
59	20	80
88	66	89
85	75	44
98	16	36
32	61	6
17	0	88
0	33	71
95	51	61
58	70	82
70	97	12
9	58	28
17	62	44
28	7	99
72	88	53
68	63	94
4	22	12
0	11	30
32	23	8
51	7	68
71	7	75
24	82	81
87	92	45
72	10	58
63	9	93
87	33	12
98	98	59
55	26	15
38	58	63
77	58	58
95	74	11
43	64	40
13	52	35
51	6	60
74	77	82
7	50	72
68	6	86
56	93	78
19	14	89
31	32	45
49	66	20
61	16	1
48	53	65
59	77	87
97	93	16
57	85	85
51	52	95
24	7	44
34	29	30
62	30	13
3	8	94
64	31	9
93	82	24
36	54	28
99	2	69
37	58	82
83	43	85
51	48	75
75	26	46
21	76	19
33	60	20
41	98	18
66	45	91
35	14	30
72	88	94
4	81	44
19	1	53
2	54	20
6	82	13
56	58	43
7	26	46
7	5	18
53	94	56
50	91	6
2	18	98
6	1	33
29	31	31
64	6	45
49	29	0
77	71	94
62	19	14
55	24	71
69	56	30
63	0	4
98	44	32
91	40	40
86	46	33
57	98	90
85	67	46
48	6	82
25	94	63
50	67	66
75	53	21
57	62	42
50	33	49
18	52	62
79	29	86
38	2	17
73	7	37
90	85	57
31	23	0
73	0	33
4	66	93
76	46	45
89	76	98
34	48	78
30	44	26
12	80	85
83	55	7
55	95	98
77	6	16
69	56	50
50	60	33
5	28	83
24	99	24
40	86	85
54	93	29
15	29	85
64	25	51
62	25	81
67	83	90
41	16	52
23	33	64
19	97	77
22	69	95
88	42	80
33	34	94
10	97	67
6	37	75
34	53	50
64	54	56
34	33	54
88	62	18
99	58	49
91	84	40
92	97	36
15	89	81
65	27	87
79	54	42
29	7	63
86	48	60
42	76	53
15	32	82
48	21	49
11	44	17
87	45	1
26	32	8
12	47	96
70	27	87
17	41	15
46	87	76
25	53	92
89	98	9
76	84	38
19	2	62
38	54	49
1	71	97
29	18	68
15	61	15
32	18	37
69	33	5
93	79	70
98	97	75
12	14	72
82	5	90
12	41	82
51	40	27
98	54	96
64	18	7
23	99	53
91	66	30
89	57	99
24	36	33
75	32	18
13	91	28
14	46	54
93	52	78
9	32	33
2	92	43
47	95	25
71	33	90
26	70	50
2	57	12
72	69	43
61	20	76
8	62	56
67	78	44
42	75	26
83	52	74
39	99	61
83	90	32
42	26	47
72	65	49
73	95	63
64	6	15
85	68	57
68	40	13
74	91	21
23	62	63
18	69	17
58	79	9
61	80	88
50	80	54
70	16	70
82	26	34
63	17	23
57	99	42
98	43	76
81	96	91
32	48	0
69	33	4
23	14	49
54	95	63
34	90	90
47	27	37
41	99	86
80	9	37
49	49	38
35	22	49
63	58	22
71	79	41
10	82	99
37	26	17
16	98	5
53	49	28
7	34	81
80	38	37
62	97	86
62	78	29
72	52	6
12	14	2
30	51	55
59	51	19
59	53	26
75	23	93
53	2	4
84	28	24
52	61	20
82	12	83
65	17	11
26	54	45
41	70	3
94	3	72
1	31	29
88	63	53
86	44	20
65	76	48
94	74	39
77	92	87
52	25	35
76	74	43
24	17	91
53	87	65
1	83	56
83	21	57
23	98	92
77	30	71
77	98	97
94	56	48
45	69	29
74	75	26
44	8	46
85	0	82
14	7	66
65	7	0
52	22	8
33	37	67
15	31	53
90	65	58
45	25	49
30	66	97
38	82	22
63	65	13
5	47	23
20	14	30
69	78	63
48	79	30
17	95	40
2	8	89
50	45	51
59	35	6
6	35	80
62	55	1
95	0	82
61	18	66
6	55	59
59	93	91
81	48	54
36	68	43
46	40	57
83	49	73
35	40	11
97	1	75
27	56	3
47	53	60
23	18	22
68	38	64
25	88	77
24	67	75
7	90	94
26	15	51
23	82	19
9	73	16
4	80	80
8	92	52
2	83	23
84	37	33
33	6	43
50	47	7
59	31	49
25	9	75
34	7	32
91	31	46
13	67	83
72	12	81
60	50	82
38	30	12
1	5	98
32	76	77
17	51	44
9	72	65
23	28	54
39	79	55
50	3	57
77	53	61
10	10	88
26	46	91
11	58	51
73	7	24
89	86	62
60	32	91
46	38	57
24	33	58
99	94	71
32	28	91
26	46	41
64	28	89
82	81	86
44	97	80
86	71	27
25	63	27
64	53	53
20	0	75
10	13	73
37	12	36
27	5	4
54	92	88
27	54	32
83	49	47
89	56	96
80	58	37
8	65	58
46	96	38
82	54	55
53	29	19
13	96	55
96	67	45
7	45	57
81	38	77
49	90	91
22	23	55
51	63	61
31	2	62
86	26	71
52	36	38
55	99	81
83	15	83
63	19	2
96	0	1
67	64	68
12	74	2
88	78	68
85	43	71
73	23	48
93	64	4
39	2	32
31	51	36
65	7	26
93	82	72
57	69	62
16	36	18
88	1	53
99	66	19
51	43	49
7	83	30
23	5	65
90	96	74
61	27	69
32	37	46
50	26	58
53	57	22
68	6	47
20	43	38
28	50	79
71	66	2
69	29	78
3	79	95
10	82	44
22	12	69
51	10	43
2	18	78
44	56	41
97	67	10
47	46	99
48	98	96
39	44	75
66	56	44
96	70	1
41	71	67
89	0	50
46	82	1
83	27	49
65	69	39
54	26	61
8	0	71
58	45	1
20	85	45
78	58	70
87	95	38
98	10	46
8	67	55
2	95	52
30	53	75
75	43	27
29	58	36
68	51	52
59	72	70
26	47	29
96	44	81
39	27	72
22	29	29
26	30	46
97	8	90
39	10	37
56	63	43
53	44	20
94	77	94
12	92	6
44	91	6
31	45	80
84	13	12
84	49	23
47	60	99
97	99	35
42	68	30
73	37	73
56	52	50
65	55	32
80	83	85
3	11	47
66	97	74
59	61	61
22	23	4
13	53	7
35	67	41
3	90	48
82	39	98
60	63	72
40	55	20
44	29	57
92	90	27
84	60	84
84	17	68
50	76	42
62	31	7
68	24	65
96	33	33
31	40	23
55	32	12
6	82	60
16	82	77
80	23	98
60	9	76
32	56	26
3	73	72
24	13	31
79	73	0
87	9	73
63	55	47
1	28	86
4	77	72
33	98	94
87	26	48
27	45	50
82	21	15
6	34	29
49	31	4
18	64	93
6	80	11
67	43	39
59	93	35
31	81	59
64	5	43
71	44	29
79	84	96
1	84	83
40	79	55
25	62	67
91	28	41
83	64	42
74	29	81
47	40	77
30	84	55
97	43	8
3	76	13
45	13	13
56	13	56
32	24	81
50	48	86
49	70	56
86	5	87
51	40	49
26	30	56
94	49	3
12	60	92
56	68	67
11	27	0
59	36	46
36	99	99
83	97	23
99	97	96
8	45	37
77	58	75
35	42	97
7	25	7
79	28	94
0	91	2
36	36	20
63	33	36
98	54	23
49	13	13
17	60	24
18	57	5
41	3	53
58	95	60
62	25	11
50	8	62
98	5	2
82	88	30
60	80	30
88	19	85
66	56	38
23	12	45
36	6	37
37	2	65
24	53	20
90	75	89
22	58	11
14	27	69
35	87	67
63	78	44
89	91	30
44	19	6
10	31	12
34	74	87
57	21	35
26	90	56
15	71	6
61	67	43
31	39	0
69	18	80
21	40	45
24	26	17
56	22	58
9	77	34
27	82	55
64	79	80
11	91	64
5	30	50
91	11	24
39	72	25
70	56	34
50	60	52
50	53	69
39	10	52
48	14	97
28	85	9
21	35	14
50	48	43
63	71	13
60	2	51
31	3	33
14	3	41
88	82	49
13	31	6
91	61	22
94	81	88
29	4	58
23	2	43
14	33	0
57	11	38
16	4	83
94	27	7
87	51	11
70	5	12
3	48	11
79	64	98
74	68	32
44	73	39
22	88	26
63	20	38
30	58	30
63	76	6
7	96	52
63	33	86
60	92	18
85	90	9
75	16	45
83	50	43
45	58	47
2	75	43
48	70	83
47	88	7
37	90	79
50	28	54
76	68	94
93	61	4
17	45	98
95	57	84
46	54	31
68	47	29
3	36	69
43	73	21
8	81	65
94	80	82
6	35	90
91	47	73
2	99	86
69	97	55
78	24	86
28	49	52
31	68	0
91	33	38
94	32	95
71	93	62
94	11	98
86	40	38
37	61	85
75	16	33
11	35	4
0	9	72
59	87	35
76	2	66
41	44	99
15	28	10
88	30	1
96	82	34
81	30	49
73	6	39
82	97	92
58	50	18
69	62	43
85	71	28
84	66	43
96	53	71
1	27	24
34	77	56
83	92	80
55	62	80
91	2	24
36	9	76
32	20	51
56	70	1
55	44	27
52	15	84
43	24	25
59	61	1
45	58	91
34	89	77
61	93	53
27	74	53
32	71	52
55	88	42
88	56	95
39	51	41
99	27	80
95	48	9
32	56	85
30	84	39
24	74	15
19	35	60
87	29	49
41	96	49
50	90	15
50	32	17
56	33	80
29	59	38
40	95	39
99	68	7
54	7	64
78	50	72
22	61	46
41	91	10
7	36	68
54	39	40
96	2	49
44	36	71
9	0	64
41	50	24
58	54	31
2	70	80
78	67	75
61	20	9
50	6	72
11	97	14
8	5	46
44	7	57
65	90	31
89	81	13
91	35	2
60	12	24
13	64	28
1	0	78
87	88	34
75	23	8
7	33	72
55	39	26
31	37	89
56	45	43
64	72	45
2	56	82
18	78	10
1	60	95
15	34	8
43	84	6
16	73	66
0	99	69
19	54	81
23	44	14
63	76	25
10	26	67
52	39	33
5	31	16
11	11	79
53	40	40
80	23	90
23	4	82
21	79	76
96	55	42
36	78	99
24	73	74
58	46	34
87	87	26
1	36	73
57	43	26
69	54	18
8	61	55
3	78	15
25	45	41
59	8	1
36	5	66
66	50	45
22	80	97
80	49	73
31	6	2
91	29	50
91	42	44
21	83	66
78	44	34
3	52	23
94	88	14
11	7	91
51	8	35
73	92	73
42	42	37
83	35	0
45	11	98
28	40	61
38	56	9
47	54	65
34	92	29
44	82	86
54	43	24
2	71	64
79	81	91
50	4	24
52	35	28
5	52	86
38	87	69
48	16	64
44	55	17
35	5	48
82	60	42
97	0	67
3	35	39
26	17	92
43	83	15
45	91	87
53	93	71
54	94	30
20	61	89
20	0	35
25	47	18
93	12	6
44	17	6
48	96	2
11	42	66
98	25	99
31	83	1
57	37	19
8	16	94
44	51	90
81	90	71
14	61	53
5	89	90
56	81	13
96	35	51
52	26	85
55	80	50
84	33	33
14	28	29
90	75	4
80	71	88
25	36	52
41	73	76
34	71	96
56	18	24
4	2	75
94	26	21
92	52	28
29	49	1
92	17	91
17	15	51
27	49	30
87	89	55
25	76	25
92	18	29
98	79	57
1	54	51
58	11	94
67	61	3
90	30	14
0	38	37
76	90	63
99	43	35
58	32	48
88	40	80
92	93	99
37	74	79
10	74	32
69	23	73
73	37	31
85	84	7
73	91	11
93	40	58
45	66	41
86	50	99
0	28	3
71	98	39
56	46	90
32	91	2
19	42	64
31	78	57
89	16	40
64	36	15
3	64	7
41	28	83
23	9	0
18	96	77
3	33	42
92	42	31
88	76	9
78	21	67
38	38	39
59	54	36
77	78	71
0	21	40
15	53	55
3	36	89
13	10	28
10	90	64
57	30	33
62	51	47
96	85	11
90	30	0
32	76	93
51	48	15
89	30	34
78	12	98
73	19	43
7	11	48
96	31	43
10	51	99
12	74	30
27	31	87
70	59	4
72	3	98
84	55	39
62	44	63
41	70	48
10	57	32
54	80	91
83	56	36
4	23	36
49	48	98
75	18	21
78	69	47
51	90	20
64	10	22
76	95	18
45	34	29
27	53	38
14	87	54
99	56	71
28	32	96
71	4	83
16	19	33
27	57	79
79	2	12
55	43	53
57	2	70
13	1	8
8	41	66
2	99	56
94	85	34
94	88	78
59	39	77
94	96	26
7	90	68
83	70	52
60	28	90
96	45	98
77	87	37
9	67	13
65	45	14
36	79	0
88	33	20
21	68	45
73	61	62
14	56	83
26	54	3
56	57	69
58	29	38
41	87	4
18	34	54
36	66	10
9	84	86
62	18	32
94	91	75
92	26	27
63	17	66
11	48	58
71	26	34
63	88	85
78	14	73
57	8	34
7	18	1
26	98	47
57	32	92
84	65	65
16	43	62
95	76	63
37	25	97
52	79	36
26	44	33
36	55	30
94	51	45
40	44	74
15	66	69
61	90	0
16	98	98
72	24	82
58	2	43
54	51	97
38	74	26
54	33	8
4	9	87
70	18	94
94	44	71
91	86	21
34	39	67
87	74	93
34	12	4
76	60	63
86	0	40
69	48	2
59	48	6
20	26	78
79	1	15
77	5	50
32	25	6
92	44	88
67	84	84
41	7	91
60	4	80
44	67	28
10	91	6
97	89	45
94	13	11
29	50	11
48	20	23
65	23	16
19	88	69
52	3	44
83	24	4
58	26	94
19	6	92
48	41	0
92	22	70
12	38	3
80	16	54
26	0	45
12	84	65
67	79	32
12	76	33
43	92	58
11	15	47
87	56	35
37	12	48
72	19	44
21	21	24
78	48	82
33	92	29
21	21	60
71	93	78
89	16	61
9	64	35
11	59	50
99	7	69
19	26	67
26	54	47
45	12	70
88	88	94
74	54	4
1	73	63
59	45	32
14	88	0
46	40	35
78	58	13
11	63	20
37	13	51
92	48	91
96	36	52
69	9	13
69	84	90
3	99	81
72	67	84
31	95	33
97	2	35
30	73	84
12	95	23
91	43	95
45	74	24
33	22	44
81	76	95
80	19	24
82	6	70
38	76	85
48	15	15
69	5	95
96	30	97
62	71	72
90	87	93
80	21	54
14	8	71
20	25	95
59	69	42
81	14	74
59	79	42
22	30	45
6	84	61
7	78	47
60	6	56
96	12	47
61	29	93
21	87	72
41	81	63
9	54	35
99	41	86
74	32	79
83	52	66
69	76	0
71	11	40
81	5	58
97	71	57
41	83	26
41	54	30
16	96	9
26	21	17
38	94	8
25	70	62
13	36	28
47	77	88
57	87	66
35	73	44
91	63	51
59	41	62
50	71	75
41	88	54
85	24	98
14	10	74
30	91	73
98	14	60
34	15	63
25	83	79
21	54	42
45	96	26
10	89	57
77	5	6
84	70	59
57	51	68
55	27	55
96	70	84
66	92	65
87	74	20
58	17	62
69	67	7
20	46	86
45	36	5
77	29	43
52	54	35
31	49	44
37	1	76
38	9	1
26	92	39
56	20	69
33	57	91
34	81	75
34	15	53
39	85	11
32	36	34
31	12	78
1	18	87
42	66	34
7	98	72
1	16	53
36	59	2
28	74	82
92	31	47
45	84	6
28	39	0
41	68	68
87	49	11
6	73	74
35	96	0
83	71	94
74	86	6
52	13	54
37	2	81
85	24	20
91	70	37
80	77	59
6	53	54
74	30	1
26	73	15
57	7	0
94	79	20
64	93	11
1	27	61
81	39	56
6	38	21
67	46	41
17	3	36
49	27	79
63	92	25
70	27	18
42	16	77
15	60	32
27	81	24
15	5	5
66	96	61
38	87	65
61	35	51
77	23	84
46	40	80
65	36	68
96	27	22
26	41	26
40	57	4
94	62	62
20	85	92
7	67	62
68	29	10
75	9	94
13	91	69
61	12	97
1	97	86
17	90	57
6	19	26
10	4	47
52	6	68
60	12	38
49	87	21
32	19	41
57	88	35
3	49	12
48	12	90
27	83	87
13	95	41
89	76	43
41	42	10
96	76	44
53	28	23
15	37	54
57	87	40
56	46	13
54	58	30
54	92	0
95	43	8
33	72	51
51	47	56
45	37	50
4	46	75
74	77	25
8	75	14
18	23	19
94	88	12
18	73	59
70	15	16
2	6	10
66	72	71
3	88	64
94	93	57
84	50	9
97	5	30
53	83	57
63	15	6
26	76	36
93	12	89
12	85	90
74	63	72
64	7	86
21	89	16
37	26	32
36	74	5
26	96	6
85	32	99
78	41	9
60	41	19
44	11	94
43	40	90
25	4	8
44	76	91
58	34	97
70	37	18
73	38	6
55	35	47
55	15	77
28	82	81
65	49	79
92	61	33
76	11	29
86	64	79
47	16	12
48	62	7
4	12	66
43	9	43
67	20	96
69	30	44
47	69	66
58	26	93
75	9	40
16	53	62
88	39	98
33	84	29
58	49	51
4	3	40
50	28	8
50	31	26
97	19	79
4	2	61
5	39	12
18	41	78
19	5	46
25	35	11
93	19	78
78	3	64
48	30	61
85	16	26
59	88	19
75	77	28
6	68	39
49	60	87
95	91	68
45	56	66
25	7	96
81	73	91
90	62	12
74	84	65
90	6	78
14	83	9
67	82	8
81	60	0
75	63	59
85	52	94
34	4	6
31	62	19
42	46	62
82	26	54
11	72	55
81	23	35
86	18	3
86	32	47
16	52	56
4	45	62
38	7	86
41	13	90
12	59	89
92	62	70
59	11	70
12	40	89
89	52	46
5	3	15
12	40	18
87	4	66
23	31	1
23	11	86
70	10	73
3	49	98
1	63	60
49	75	28
18	48	68
37	73	45
51	57	90
38	92	3
87	56	99
14	8	22
67	12	41
66	70	87
52	16	62
49	1	35
27	34	25
66	89	43
87	68	73
48	30	43
65	88	60
69	73	35
0	34	40
89	80	12
18	36	49
74	36	69
70	47	68
44	90	15
14	33	87
14	58	96
40	16	12
30	98	27
37	35	32
99	40	1
38	65	79
86	16	93
37	72	65
50	24	23
89	31	27
76	82	7
68	10	48
79	89	5
85	92	21
21	74	0
31	0	42
40	37	87
45	79	99
57	46	66
99	66	86
2	97	41
59	52	94
58	94	7
15	63	28
71	70	64
68	3	51
10	76	59
37	2	91
57	43	87
37	87	4
94	41	13
55	32	45
65	92	66
90	52	79
7	49	1
10	58	71
83	62	90
55	88	27
79	13	29
36	38	31
6	17	88
57	48	51
45	95	14
28	2	30
97	79	24
82	19	89
14	83	17
13	11	51
96	62	87
20	87	58
28	98	57
27	78	69
46	60	1
38	16	43
36	0	9
94	79	40
78	95	55
22	5	3
33	12	68
62	50	77
34	57	25
24	46	66
16	50	4
49	8	68
60	27	56
1	58	42
21	57	27
72	32	15
21	47	7
75	83	39
95	57	47
28	60	24
23	11	97
94	22	47
97	54	48
70	16	58
2	13	8
86	38	19
39	51	6
84	24	97
19	42	15
24	82	93
44	46	35
67	60	69
33	28	10
40	64	50
26	62	81
78	80	89
89	36	89
55	82	79
88	17	57
35	56	27
40	8	75
61	29	44
82	84	91
65	29	14
54	87	27
33	19	81
4	56	37
13	6	72
9	59	84
79	75	78
17	90	59
57	60	57
29	29	75
61	39	57
0	71	82
71	63	1
51	81	5
53	82	65
91	70	78
67	20	36
28	2	73
89	51	56
78	46	71
7	49	79
44	8	48
26	6	21
21	87	49
92	94	80
29	93	47
76	78	92
46	3	15
0	94	59
16	87	4
6	85	83
49	2	83
56	33	29
78	29	97
78	79	53
67	45	70
52	23	23
29	31	5
94	86	63
10	86	7
5	75	59
92	94	37
68	19	91
6	35	35
99	29	78
47	30	93
32	75	5
92	95	0
36	64	19
32	82	2
91	77	46
59	31	86
3	97	36
75	32	32
93	73	84
20	64	63
58	1	12
19	82	97
77	70	8
9	23	74
23	90	92
1	12	33
69	37	99
0	99	28
87	84	91
96	65	20
3	7	0
67	3	96
15	60	63
28	56	49
14	52	44
57	85	47
89	62	96
62	26	56
25	92	83
14	59	7
4	10	66
33	30	53
8	29	61
15	70	4
57	20	78
13	73	35
52	24	59
92	0	88
32	62	84
5	67	51
32	10	51
32	33	14
87	48	55
68	91	56
30	37	62
11	68	70
4	57	3
90	87	90
73	85	48
49	87	98
62	46	47
34	41	17
76	91	80
6	63	31
44	62	60
41	79	2
60	17	39
55	15	36
19	88	16
97	12	73
20	32	78
13	77	31
80	75	75
30	84	90
50	94	38
70	21	6
95	19	4
1	51	20
30	47	86
42	10	11
73	86	65
66	26	98
97	43	65
91	90	39
29	88	35
88	10	26
20	37	82
32	73	46
90	82	23
37	60	89
33	79	12
87	54	54
3	82	45
1	84	13
86	73	62
74	78	50
78	22	72
60	72	4
2	15	25
32	6	70
0	5	22
76	88	94
39	45	1
92	81	45
98	46	22
0	47	87
19	12	89
63	28	57
28	92	90
4	24	69
17	69	24
36	76	10
55	21	84
93	79	23
32	66	7
7	46	2
13	33	44
54	67	98
59	19	3
95	15	19
9	39	29
22	28	18
42	75	91
41	22	99
31	83	99
69	8	19
50	79	39
95	7	49
64	87	27
59	22	54
8	28	49
86	82	64
45	62	35
96	97	10
30	49	60
44	15	69
52	84	83
2	64	50
32	65	56
72	39	55
55	94	1
5	0	32
28	90	20
75	92	37
71	70	17
60	98	2
73	72	93
32	9	11
4	44	73
29	80	49
29	9	38
23	68	23
6	81	41
99	3	92
8	9	41
64	55	25
20	70	66
16	26	31
56	42	33
99	41	92
71	40	80
34	38	66
59	33	77
30	95	64
74	45	21
95	27	58
18	1	71
77	64	52
67	86	63
11	9	20
23	22	87
86	75	73
92	2	33
58	45	95
69	86	27
92	87	82
60	2	28
62	65	2
23	26	12
4	94	15
32	83	2
31	0	40
81	23	41
31	94	31
92	22	31
52	75	5
73	84	44
50	94	32
88	3	71
93	65	77
32	17	67
74	51	53
90	95	70
94	55	37
36	14	61
92	61	30
48	38	70
70	55	95
78	25	62
21	3	89
94	12	34
65	15	36
37	35	8
71	10	49
68	7	33
83	63	23
76	84	78
42	13	92
2	23	56
49	85	87
17	74	67
72	83	62
64	26	97
28	30	45
20	38	38
87	95	20
26	45	82
21	66	83
73	7	70
21	93	37
82	98	95
95	87	2
59	17	96
4	58	2
40	25	18
80	27	7
91	83	19
18	1	27
72	11	78
56	37	69
36	43	55
3	89	87
63	95	26
50	61	39
99	0	48
37	98	81
19	12	26
56	20	87
70	68	7
95	34	12
4	52	13
11	37	62
13	67	56
6	11	23
49	92	94
7	12	5
51	91	63
79	24	67
78	31	9
53	78	93
42	16	3
44	77	13
0	81	97
52	98	23
8	49	90
52	31	25
50	2	5
12	79	34
40	79	36
16	20	9
13	24	65
71	85	50
85	95	4
60	91	26
55	23	27
34	63	45
56	97	78
30	43	47
41	20	33
22	35	61
27	4	32
52	25	34
44	28	61
95	57	49
57	71	41
10	13	21
13	13	25
3	33	52
55	89	55
48	12	1
85	76	88
71	52	79
3	38	4
51	62	41
25	86	82
83	54	83
32	23	88
21	0	34
43	24	16
34	39	3
44	89	68
8	0	62
56	84	86
39	8	26
44	66	7
15	9	26
48	5	89
61	77	46
23	56	14
20	30	24
47	24	37
51	30	49
31	1	26
59	36	36
69	91	3
95	52	75
22	60	88
25	48	98
29	65	66
46	92	7
80	98	67
30	35	67
82	21	26
20	25	42
71	76	59
75	24	19
42	73	76
65	4	81
49	71	22
67	56	72
27	97	76
83	86	86
81	37	24
58	19	77
7	66	25
61	33	47
8	18	27
96	24	21
16	81	56
91	93	26
23	91	89
43	32	73
56	35	21
42	65	95
56	32	82
67	10	76
70	92	49
24	29	41
44	82	89
43	14	92
85	44	62
80	59	37
95	80	50
14	7	42
12	61	63
7	98	86
23	66	44
51	36	99
83	87	4
43	80	96
0	42	37
36	57	53
45	49	0
97	90	64
57	3	50
92	4	77
66	76	31
51	21	28
80	28	18
24	45	82
34	54	59
48	39	89
77	18	83
62	37	74
23	33	79
92	84	3
18	0	72
12	27	52
95	15	97
29	48	10
0	91	29
61	92	77
9	29	84
77	10	40
37	32	63
73	78	1
34	93	49
71	10	81
19	40	63
49	83	44
27	57	62
6	81	37
48	61	40
8	49	8
35	7	72
92	23	76
40	75	40
8	58	56
35	0	50
25	11	22
67	42	35
39	62	76
7	94	92
36	35	85
53	12	13
2	87	53
95	24	28
18	67	44
76	94	11
88	23	27
39	29	68
64	34	50
36	53	34
36	26	34
98	39	66
76	16	15
29	19	91
33	23	86
46	86	4
50	82	12
30	67	15
44	60	40
38	69	84
27	39	76
58	42	6
38	42	54
53	95	29
76	85	65
63	90	87
19	38	76
67	27	4
26	0	42
10	11	2
38	51	45
48	35	6
47	14	77
21	50	94
83	98	36
1	69	73
54	82	40
22	36	99
99	77	38
76	84	52
67	24	24
71	48	98
51	98	70
69	26	53
98	76	74
61	12	34
62	75	65
34	21	88
8	31	48
77	9	98
46	31	46
11	11	81
26	87	41
52	64	92
63	11	68
94	62	72
8	4	85
17	93	20
22	47	25
1	55	13
91	53	53
6	22	79
4	96	38
58	13	33
12	51	60
36	54	25
21	83	25
11	59	76
93	53	25
89	89	22
94	68	98
15	58	25
76	59	44
22	4	77
94	13	10
62	85	9
74	12	48
36	58	2
29	39	86
19	47	73
70	59	12
48	87	16
26	64	34
30	26	81
9	67	36
73	75	33
23	32	3
54	62	1
27	28	79
55	27	15
54	26	72
53	18	70
74	5	98
2	3	71
79	90	60
35	66	18
26	37	41
64	7	24
14	36	50
73	55	57
64	43	79
27	33	20
66	82	52
98	39	47
14	10	24
52	46	80
65	16	77
19	89	12
68	36	43
61	42	16
66	78	16
63	27	99
95	12	28
7	97	2
4	92	49
92	3	21
78	27	37
16	12	54
66	30	96
25	29	52
70	24	28
3	18	53
88	50	27
9	12	24
37	42	51
52	62	83
7	47	63
94	8	3
18	38	13
74	1	32
28	91	47
82	82	59
80	43	69
66	67	78
6	85	78
42	70	71
73	33	47
24	21	45
0	29	5
2	84	44
64	5	77
51	31	17
33	69	89
80	29	54
75	84	8
39	50	9
79	2	59
46	61	94
1	98	42
22	53	50
88	60	39
23	68	24
32	99	49
27	76	70
22	42	56
83	35	83
64	39	78
61	28	56
61	1	14
11	69	89
56	39	9
90	98	90
12	17	11
57	67	91
44	7	76
17	95	22
61	81	2
14	12	78
78	80	49
45	29	10
30	55	95
89	13	34
5	44	88
64	7	20
90	64	46
65	68	7
27	20	85
37	75	61
12	39	24
46	26	40
97	97	91
6	66	63
82	74	57
6	62	48
9	81	60
82	20	24
93	41	89
36	5	68
20	44	22
41	98	79
74	84	93
89	32	32
94	41	80
50	11	15
45	69	22
69	66	27
35	6	81
60	13	13
6	22	14
73	51	39
80	29	18
97	36	95
28	91	77
26	62	33
37	45	85
5	88	16
56	55	78
19	68	17
74	21	85
37	98	8
84	43	40
22	13	62
20	84	72
21	25	27
23	32	58
30	28	84
66	33	24
53	88	96
14	41	66
66	58	80
37	68	89
37	40	96
38	30	84
41	67	58
19	69	40
72	99	80
70	84	96
84	17	22
92	38	23
22	62	82
28	99	14
59	74	88
13	48	99
53	98	74
78	90	20
24	98	88
83	67	57
93	74	62
16	3	80
58	93	38
89	68	21
37	14	45
19	8	20
91	40	17
6	50	35
31	71	24
52	28	19
32	76	34
11	43	66
15	40	53
75	71	62
86	58	38
66	28	22
22	74	35
47	28	16
40	87	30
91	98	61
68	56	81
4	72	12
88	77	33
62	96	58
43	58	31
96	93	20
92	57	68
77	81	85
69	20	86
14	71	21
93	65	91
57	7	90
1	92	31
0	73	58
72	91	10
14	70	30
16	45	50
23	74	79
2	13	18
47	43	13
47	38	75
37	52	31
4	84	27
61	73	14
52	0	26
36	66	18
4	66	17
51	48	56
90	61	76
11	61	69
83	84	31
23	82	8
34	53	33
46	51	18
6	21	45
37	22	30
95	36	2
58	18	15
33	21	27
5	60	52
55	24	74
48	45	80
7	49	94
4	23	41
54	4	69
81	0	30
92	89	77
93	69	94
61	61	14
11	0	18
63	12	79
44	43	26
49	69	86
34	41	76
43	70	11
20	29	57
97	8	2
74	77	31
86	67	64
46	54	60
14	80	53
39	34	36
36	3	42
30	75	44
23	54	2
57	57	86
88	19	9
32	46	82
20	61	11
49	16	63
95	33	0
24	48	99
54	37	70
78	99	50
6	36	71
49	2	9
80	59	24
37	96	42
90	42	22
50	90	75
79	40	17
69	98	90
27	64	97
52	52	21
84	29	14
10	71	69
44	77	12
79	72	21
10	81	7
19	90	18
6	75	8
4	31	33
47	12	94
43	8	96
44	18	65
75	31	90
15	73	59
10	92	52
65	64	23
72	91	98
95	61	87
18	13	81
15	45	91
66	88	52
79	45	90
26	42	78
73	0	57
85	2	54
70	23	51
84	23	78
52	40	40
9	57	57
46	11	66
36	33	38
33	43	75
43	55	49
63	74	74
79	36	25
52	96	87
14	33	96
72	68	6
30	89	46
27	71	24
88	51	70
21	33	72
57	83	30
57	20	64
91	17	12
11	7	60
11	12	35
16	86	1
10	79	77
10	86	65
44	11	89
27	21	40
66	23	22
53	81	29
98	59	94
76	44	21
56	4	61
15	2	52
71	0	88
5	33	98
81	38	67
59	84	23
70	82	13
8	78	47
13	96	89
62	44	19
66	11	89
76	44	50
45	35	50
16	53	78
30	33	19
22	36	65
83	20	6
9	35	99
88	51	43
52	39	25
33	38	88
95	95	53
60	10	76
3	17	17
44	61	10
15	6	7
92	37	60
10	96	72
33	36	85
21	19	59
90	19	53
87	1	16
82	71	32
7	43	12
14	46	79
19	41	22
93	90	8
54	94	29
49	49	5
53	26	69
66	42	61
60	59	30
69	3	66
40	74	8
82	52	75
92	59	60
12	88	46
88	1	1
18	73	3
73	5	24
94	89	99
88	63	29
34	63	37
40	47	56
65	35	24
5	77	50
83	9	23
17	14	73
41	29	14
70	33	67
45	50	87
48	19	88
56	90	97
82	83	25
24	23	11
7	8	37
46	7	56
96	8	40
35	98	92
4	3	50
37	0	85
44	52	5
34	40	58
87	46	32
65	92	52
52	51	4
84	90	77
17	58	93
14	20	31
20	13	43
81	97	14
47	6	56
26	61	24
61	14	20
31	17	56
22	55	53
50	47	54
12	27	41
8	57	95
96	14	44
61	74	16
56	8	15
54	40	8
35	94	13
10	84	71
63	60	41
95	96	9
48	14	81
52	53	6
20	81	96
52	55	16
0	44	97
5	35	34
24	73	46
45	91	25
96	15	62
27	69	44
40	16	55
27	12	88
94	45	83
27	72	67
28	9	70
56	76	0
22	18	69
54	87	2
5	75	89
23	84	14
74	76	20
52	77	66
93	80	28
6	35	22
44	1	62
20	74	26
37	35	58
86	82	48
58	56	82
98	80	93
50	92	67
98	96	94
10	17	63
67	84	68
62	46	18
45	1	91
40	60	13
34	81	20
8	46	41
55	29	98
17	17	33
4	56	24
23	23	46
80	5	19
74	50	15
93	79	59
72	39	49
35	80	38
56	1	34
49	27	13
3	90	58
93	61	32
88	75	8
55	74	31
33	50	73
92	48	23
65	18	72
46	51	4
55	3	67
14	76	66
69	26	99
90	3	28
12	51	89
90	46	21
18	79	83
55	14	23
48	32	44
83	62	48
54	45	96
68	80	78
59	30	15
18	87	25
44	69	5
10	52	58
33	60	51
23	23	76
77	23	97
31	20	34
8	92	18
48	92	13
10	77	20
24	53	94
69	21	81
34	88	53
68	97	73
80	23	72
11	91	42
87	47	54
38	18	91
49	48	46
0	20	22
41	3	47
23	47	67
69	82	13
29	92	33
2	18	86
12	64	48
72	40	65
63	43	85
74	51	18
85	18	13
41	90	32
32	72	14
76	81	93
38	30	3
64	62	37
44	91	67
12	21	20
15	18	19
3	0	24
61	56	44
79	1	52
11	17	18
42	89	34
93	96	13
89	39	57
20	33	18
7	26	43
12	65	18
85	51	99
31	65	98
35	57	25
79	50	91
2	85	68
59	96	43
95	24	96
77	94	74
99	55	29
31	70	10
50	54	78
58	91	11
50	84	73
20	29	46
39	51	32
76	0	98
25	75	88
53	79	89
11	2	60
6	30	71
34	41	48
98	9	35
73	61	9
3	38	20
24	3	67
98	59	20
89	20	51
77	10	78
72	15	5
8	17	37
61	30	55
10	43	68
64	52	57
34	71	20
8	9	4
18	78	60
61	76	30
67	3	26
42	69	33
23	74	25
19	16	34
16	29	21
83	1	3
97	24	9
13	73	41
61	99	74
36	19	97
67	54	55
85	47	12
9	52	3
6	11	18
69	66	46
52	33	34
15	60	97
41	42	47
50	49	48
74	57	71
41	7	66
27	69	40
56	86	40
25	31	93
80	74	45
90	9	33
21	87	23
65	32	27
18	87	48
73	39	98
76	83	42
58	93	42
86	69	31
6	63	76
45	19	5
53	66	73
90	33	81
70	44	9
24	39	34
60	28	44
64	31	76
82	31	57
26	81	13
65	87	98
37	85	13
36	25	94
7	58	52
44	82	57
32	79	59
79	53	48
74	78	59
78	73	7
65	90	35
68	85	39
20	41	43
84	54	46
5	80	25
83	78	25
37	99	99
77	25	55
89	69	18
5	16	55
87	25	79
21	79	94
82	17	54
66	64	73
16	43	71
19	41	13
38	69	10
45	66	87
93	29	52
27	30	22
95	24	60
40	41	71
11	19	49
82	63	72
42	20	52
78	31	52
70	10	57
22	57	35
44	17	93
92	6	67
90	60	31
85	78	20
47	60	52
41	43	29
22	43	73
79	18	54
2	31	72
68	58	74
10	8	17
50	64	6
0	53	36
89	70	11
10	87	48
46	55	30
11	27	52
12	98	13
58	51	28
42	50	17
30	50	57
11	89	71
21	20	74
63	64	29
82	52	57
95	90	29
3	11	44
2	70	40
49	39	37
7	40	27
7	69	33
33	86	7
4	14	80
20	20	85
26	49	87
98	26	15
57	14	43
38	74	64
48	70	52
1	60	72
24	20	93
94	12	20
94	27	29
66	75	57
99	29	65
0	88	45
34	43	32
65	24	64
92	29	29
64	34	91
83	37	85
8	4	18
64	57	76
66	81	37
33	67	48
6	16	66
2	64	10
71	58	80
8	70	21
94	49	30
9	65	85
23	76	41
55	35	67
86	70	33
10	36	30
70	73	32
94	14	74
97	60	65
6	91	63
63	56	60
38	97	96
34	94	22
26	26	67
11	49	92
73	90	37
92	73	19
79	34	80
83	27	16
37	36	98
87	72	55
99	92	1
62	50	44
91	23	96
86	26	47
27	5	28
0	11	59
99	31	82
72	98	36
85	72	33
5	1	59
92	51	23
81	96	42
45	0	60
16	33	60
74	31	87
28	81	46
9	78	99
95	41	41
15	7	1
63	14	6
18	96	56
36	9	91
49	54	3
63	64	23
85	23	24
61	80	24
19	15	23
72	59	31
51	16	21
17	55	6
84	93	57
23	98	13
94	88	98
94	50	20
17	27	32
56	67	61
76	64	76
0	57	77
32	5	18
55	37	33
1	73	46
57	89	7
53	15	19
22	85	30
64	35	88
6	85	42
88	4	64
92	28	22
2	86	90
70	94	84
35	30	18
58	45	18
75	25	86
33	75	87
12	30	16
39	46	55
81	75	60
64	27	34
35	69	83
52	25	12
18	76	74
98	5	75
52	85	58
65	55	30
72	87	13
88	66	97
58	5	81
12	17	94
37	99	51
23	79	89
82	29	84
54	63	59
15	59	39
25	46	64
27	16	92
37	16	92
33	27	21
77	23	27
95	82	43
37	6	12
34	27	35
55	60	94
78	15	72
25	35	91
79	80	59
28	41	49
66	7	68
17	25	51
90	20	23
32	98	72
43	12	36
44	45	50
32	75	48
2	66	26
13	32	72
82	21	36
15	76	53
23	51	36
40	76	64
80	59	20
52	34	42
25	67	39
35	67	19
65	67	13
72	74	95
31	23	18
92	65	34
74	25	94
86	60	89
24	40	51
32	17	66
22	80	82
24	33	16
15	40	38
60	18	19
5	60	70
9	65	64
84	52	32
25	6	1
77	2	60
9	71	81
59	61	79
31	69	27
12	52	86
14	84	79
64	3	5
27	29	61
49	51	93
60	63	77
77	61	75
23	23	16
64	19	38
55	3	22
36	99	77
60	55	53
36	97	74
11	46	37
20	91	4
57	69	93
51	93	46
77	84	97
88	55	6
87	63	56
59	51	52
41	89	61
22	88	28
95	18	81
77	67	99
64	46	35
35	12	29
70	72	51
39	13	81
48	74	52
94	16	82
94	95	65
23	2	60
84	68	96
24	54	33
79	30	42
1	55	58
24	93	6
43	13	29
91	85	10
86	57	79
37	74	65
54	33	91
84	24	64
88	75	3
54	30	69
87	88	98
5	18	94
27	74	16
93	18	67
84	28	19
72	78	39
26	11	17
99	47	67
64	98	90
11	55	51
32	72	47
97	51	69
70	47	61
62	80	24
46	21	51
70	34	69
36	24	18
77	65	88
92	59	41
86	76	62
68	8	27
3	76	94
53	5	61
60	44	3
6	98	44
24	65	71
69	99	28
47	47	27
40	50	81
48	10	30
92	24	36
41	35	44
45	91	32
30	95	1
72	66	83
45	73	32
21	35	76
73	55	95
41	57	39
64	59	49
19	34	71
60	96	5
78	40	1
96	59	53
99	21	3
7	16	92
52	88	20
50	40	89
88	43	49
29	51	63
63	61	14
53	0	37
91	67	83
18	86	57
78	22	81
85	77	95
75	52	86
35	35	63
80	25	25
77	69	80
42	50	34
80	42	23
81	8	85
55	27	84
27	27	14
65	65	18
93	28	45
55	52	77
0	27	27
55	9	29
62	24	46
21	59	82
20	50	48
45	50	15
40	60	71
76	59	84
89	8	77
59	50	94
38	38	37
16	88	90
40	16	4
99	61	88
25	36	60
6	0	31
3	71	91
28	65	29
64	91	94
62	91	51
61	29	68
4	28	18
7	39	63
56	31	70
26	87	7
12	2	5
54	3	73
62	96	64
83	31	37
58	98	32
79	54	63
82	89	79
61	8	52
91	32	75
48	26	30
12	70	31
41	60	2
45	74	15
47	44	19
3	40	73
48	14	13
64	61	45
68	27	59
5	52	14
63	39	63
0	80	85
20	68	37
50	96	63
6	98	40
93	98	35
10	13	92
80	13	84
73	55	87
75	17	13
3	86	73
47	74	98
53	79	47
56	8	94
67	4	25
8	8	16
28	46	20
92	29	4
20	1	90
95	66	92
99	61	86
1	8	3
67	97	55
13	52	74
21	17	21
36	70	82
40	98	17
11	89	75
63	80	27
87	85	47
45	20	35
92	65	65
19	91	35
34	67	9
72	9	36
68	65	11
94	91	67
36	55	54
42	79	60
37	70	60
43	39	74
91	42	8
92	85	64
15	11	88
7	68	78
64	2	30
13	50	59
75	0	28
21	74	20
24	47	83
12	86	96
74	29	89
38	90	0
30	48	24
42	27	54
47	31	91
28	67	91
26	21	49
80	6	77
37	39	54
3	75	63
10	68	50
54	1	22
83	16	80
4	86	88
98	34	64
19	20	26
59	5	79
20	64	53
41	41	42
96	14	1
35	53	23
82	97	43
84	90	14
89	71	48
17	61	71
63	91	50
54	85	35
15	11	52
85	93	64
94	81	23
86	83	45
84	37	43
23	48	70
82	9	25
16	94	34
37	33	59
45	54	20
66	65	64
49	55	66
80	27	45
70	98	64
82	79	76
78	8	47
15	5	70
57	21	26
96	63	43
55	46	38
97	21	7
77	52	35
15	94	67
29	36	95
32	96	17
99	28	27
56	98	77
68	84	16
1	65	6
35	74	55
31	33	75
0	64	74
55	79	44
44	80	99
65	50	74
91	57	61
48	51	93
39	11	84
32	96	81
87	14	19
62	12	83
46	55	35
80	46	0
54	76	91
63	60	3
21	71	98
27	79	84
31	52	73
11	62	34
71	78	54
42	84	22
18	42	36
70	69	4
49	23	22
48	15	71
38	75	75
8	79	47
55	91	5
14	20	49
98	35	63
85	22	4
29	55	34
28	90	2
85	27	69
72	52	52
12	66	70
43	45	75
78	64	98
36	34	95
0	16	53
55	9	79
12	88	57
38	89	0
91	81	95
96	57	87
80	14	49
1	8	19
41	5	77
18	17	10
24	88	51
57	54	67
1	3	58
81	66	55
78	42	99
41	31	73
62	66	99
26	62	25
41	16	90
6	25	75
71	87	40
72	53	98
25	85	78
56	24	31
91	53	36
12	19	74
66	80	44
55	1	79
96	36	18
38	63	84
7	34	24
28	78	13
73	64	79
72	90	82
34	3	11
99	63	47
14	80	48
4	14	63
17	68	78
30	16	23
73	65	16
34	28	51
26	92	78
11	88	55
10	84	17
40	52	71
43	51	65
3	30	55
0	14	27
23	51	53
17	85	66
74	2	90
71	61	30
85	6	7
91	16	30
2	64	76
15	66	34
74	77	47
66	62	54
60	11	27
26	85	48
89	97	40
26	76	47
32	79	48
72	49	10
91	97	64
33	66	38
26	2	32
44	27	11
3	12	89
3	41	66
42	98	86
38	44	70
75	50	59
38	2	41
48	83	60
38	74	46
69	92	91
46	37	76
31	64	33
1	49	52
43	80	83
77	52	42
71	43	14
39	9	79
67	25	73
42	26	61
87	0	58
98	76	12
26	78	50
42	93	56
56	17	42
75	80	22
14	46	95
89	52	14
36	99	92
51	97	47
46	72	19
68	12	46
54	0	93
55	96	80
83	76	37
80	46	68
53	73	49
57	30	67
98	83	3
55	92	55
18	63	90
47	89	28
26	78	36
77	64	86
89	52	20
55	8	52
55	10	20
65	68	17
13	95	70
14	68	91
64	80	42
51	11	74
31	41	45
32	81	28
61	75	32
33	52	10
66	51	19
50	85	6
59	87	88
70	77	97
66	24	3
84	25	35
77	46	99
32	47	28
59	86	72
66	24	94
92	85	60
25	42	83
48	37	20
84	75	2
65	20	98
70	48	58
48	76	16
15	13	89
92	70	80
33	10	34
87	37	31
43	48	41
52	96	17
58	9	97
56	34	34
81	17	14
43	27	12
33	71	49
94	83	83
65	46	50
88	70	88
82	43	35
30	39	99
74	40	50
25	64	7
22	86	45
32	18	60
94	67	94
38	5	78
90	72	89
11	58	61
18	89	79
94	22	58
77	67	9
84	40	79
21	4	12
20	44	79
42	39	27
52	62	26
83	60	9
63	44	92
33	79	66
83	6	32
61	91	15
79	88	96
68	15	71
83	33	38
83	91	12
42	67	98
12	76	84
91	44	6
17	36	3
74	96	76
91	39	41
16	14	61
94	46	69
1	24	74
51	91	90
56	17	92
82	77	27
1	0	13
73	38	84
15	38	25
31	2	88
5	99	84
22	9	44
35	22	29
39	62	55
75	19	8
42	89	69
0	92	4
12	15	58
17	27	53
44	1	80
25	53	96
52	32	55
89	88	42
86	71	12
74	8	74
55	26	1
41	64	13
51	33	73
17	65	53
6	33	7
49	92	67
63	31	67
68	46	37
25	18	51
0	8	5
91	28	59
46	77	49
23	72	10
45	12	80
32	99	42
93	88	61
33	39	70
42	58	9
65	83	10
96	53	95
87	83	7
92	63	15
25	70	91
29	32	74
18	13	0
90	47	50
30	69	20
97	95	50
11	90	73
57	88	61
48	59	25
81	60	87
35	17	60
12	55	64
80	98	6
25	18	79
89	78	7
49	89	28
76	31	96
42	95	87
46	31	32
52	39	98
3	73	36
88	11	87
83	73	21
58	56	44
91	51	77
4	17	83
88	48	5
57	78	72
78	99	11
63	0	80
73	63	34
54	97	54
96	22	53
42	61	43
39	60	57
39	80	25
46	54	53
98	23	4
22	97	9
23	24	34
3	39	76
52	99	41
37	24	46
79	49	29
99	24	92
33	40	47
68	54	37
80	49	76
92	89	92
55	35	8
76	38	74
26	90	44
28	10	37
67	10	22
52	24	50
5	84	76
22	58	56
11	54	76
64	1	79
16	32	52
12	66	52
61	84	48
6	47	23
23	17	57
77	31	15
48	70	53
71	55	98
31	49	52
74	48	52
78	5	1
5	27	51
59	91	77
8	97	32
50	27	91
63	54	1
5	9	67
78	10	85
22	70	4
95	89	5
0	14	52
18	22	23
90	9	84
32	42	97
64	97	49
48	41	45
59	1	45
38	96	72
23	81	76
55	45	9
53	43	51
31	72	75
36	44	57
69	14	58
18	75	74
80	80	78
32	94	35
73	11	60
7	99	84
83	90	77
3	68	93
30	32	82
1	96	33
18	11	26
50	55	75
57	67	91
36	87	59
70	61	82
55	42	71
81	92	9
80	8	1
20	40	36
44	45	7
56	63	2
94	23	2
26	68	22
49	9	63
62	1	4
43	79	46
17	81	99
77	92	5
99	60	38
76	67	51
67	30	55
40	96	78
48	97	89
31	16	38
1	91	13
57	16	92
26	80	84
85	22	13
69	75	88
69	20	61
48	17	37
66	0	98
13	96	0
69	67	52
23	54	68
77	74	3
77	41	53
90	40	33
50	52	41
36	50	22
44	64	93
68	94	45
5	48	52
46	28	10
30	44	68
98	43	94
34	3	72
15	85	6
89	95	74
88	42	75
30	10	57
26	56	13
74	41	83
62	67	4
89	86	33
51	19	88
56	53	68
14	27	53
55	53	55
71	94	95
11	41	62
9	74	45
87	30	81
57	57	25
88	14	57
0	93	31
1	44	12
72	5	59
83	0	87
5	87	45
57	53	83
22	79	57
56	61	90
80	85	96
54	89	46
30	29	54
84	90	3
40	14	24
63	61	57
69	2	66
94	24	2
8	8	70
6	21	6
84	4	25
59	0	53
68	39	37
19	96	83
45	60	60
93	48	61
52	97	60
14	56	40
98	89	90
35	95	9
51	29	35
80	50	53
52	83	94
46	90	11
90	50	45
49	32	44
32	51	68
34	65	16
27	89	44
42	54	78
68	59	86
70	40	25
90	26	96
44	21	4
21	13	93
26	26	4
44	41	60
6	26	62
24	75	58
49	43	76
94	53	37
6	24	15
89	72	44
32	26	16
68	38	43
26	7	81
41	28	20
51	51	0
13	25	73
59	71	42
8	16	23
28	71	37
95	90	82
92	60	69
92	76	33
61	11	86
13	90	24
44	49	64
25	50	76
31	80	8
60	27	0
84	3	97
19	71	82
22	93	73
63	12	68
96	34	28
21	25	49
75	2	0
0	81	57
49	56	87
13	19	29
33	77	22
11	95	27
70	28	7
33	62	69
46	39	21
11	89	8
56	79	76
99	29	81
37	46	98
83	70	76
86	9	93
76	16	17
33	43	73
81	79	17
97	84	5
70	13	89
9	14	51
67	39	3
68	3	27
75	19	5
6	32	54
72	52	77
21	63	31
86	92	8
59	38	80
96	57	81
55	59	63
50	75	73
48	33	71
33	79	12
38	91	98
51	70	66
7	69	4
35	35	64
14	46	13
38	24	96
48	71	17
39	39	77
95	9	0
77	68	72
56	24	55
92	40	53
33	63	20
79	80	80
